-0.500	0.011	38.471967595870452782946813385934	-0.878245072353862177294558932772	27.190463988624507862823520554230	0.108441441807105146133416440080	-9.676914596181910965810857305769	17.705956430523759337347655673511	-4.810295038567634406945217051543	0.060872374414893459793063357210	52.770701351670865619780670385808	-0.448205173241291776609074304361	-38.471967595870360412391164572909	0.878245072353862177294558932772	168.509300729660310480539919808507	0.878245072353862177294558932772
-0.500	0.111	133.796539596135687588684959337115	0.112113585720689648561609885746	179.166220580235460602125385776162	-0.057854699769338678583263657629	-99.136185282044905875409313011914	9.620546814320283246502185647842	9.216110183767401764498572447337	0.197479736730867078131623770787	229.125294359458791859651682898402	-2.457466037716541151780802465510	-133.796539596135630745266098529100	-0.112113585720689676317185501375	-388.149294749195519216300453990698	-0.112113585720689648561609885746
-0.500	0.211	77.866879192967346057230315636843	0.333313078117977001912919376991	-192.120197262806101434762240387499	-0.015655402694596542295668584188	485.087118029027351440163329243660	1.923028148812715221183111680148	-275.631198895390014058648375794291	-0.061632066516944444822811988161	-363.158027907254449928586836904287	-0.933754881463245145489793230809	-77.866879192967473954922752454877	-0.333313078117977001912919376991	62.220081009432078644749708473682	-0.333313078117977001912919376991
-0.500	0.311	-9.995627396031423472777532879263	0.061572199219887359389336012327	-244.045897751876481152066844515502	0.011394641886416737378007191239	-201.065878800283201144338818266988	0.141408997566459054828769126289	-115.881741071381043184373993426561	-0.030693194194377240030524589542	-209.788445696925521133380243554711	-0.101205058718589244182162190100	9.995627396031407485565978277009	-0.061572199219887359389336012327	227.357130566801743043470196425915	-0.061572199219887359389336012327
-0.500	0.411	-31.727727333183253222159692086279	0.003052379992437278220795970896	258.942520116651962780451867729425	0.001496461253257066938843200532	-32.826792270310676258304738439620	0.003825374547691984088160221944	-131.955416898768305600242456421256	-0.002284682180427891062812761902	-78.466524362693277794278401415795	-0.003618100069061812654180876336	31.727727333183175062458758475259	-0.003052379992437278220795970896	377.137112630850822370121022686362	-0.003052379992437278220795970896
-0.500	0.511	-38.340399657431945001917483750731	0.000048000170451766600843417770	-194.557036172049436117958975955844	0.000042065063613171016650670031	-189.023904389989610308475675992668	0.000038069432458098619097112969	229.758182324583259514838573522866	-0.000047030415772643671754992684	196.128919462149553964991355314851	-0.000044767422562128117620190021	38.340399657431952107344841351733	-0.000048000170451766607619681348	324.412638357750722661876352503896	-0.000048000170451766600843417770
-0.500	0.611	16.276370137473268329131315113045	0.000000254248386120865101871197	-399.157979143099453267495846375823	0.000000341932851908542161284193	-127.236574887490036189774400554597	0.000000139374832638554648687302	24.210129494189285281890988699161	-0.000000305821522237029660278989	77.372793328975660642754519358277	-0.000000195970345222536791936105	-16.276370137473271881844993913546	-0.000000254248386120865101871197	48.498501219437990528149384772405	-0.000000254248386120865101871197
-0.500	0.711	-83.464348162687088006350677460432	0.000000000467028348645183912238	-230.866685934880848662942298687994	0.000000000885636335339357013204	-239.360189881383291776728583499789	0.000000000187714505416519482041	276.767321406100109015824273228645	-0.000000000663864190520397079437	-123.117205713821547874431416857988	-0.000000000307137060013095943964	83.464348162686945897803525440395	-0.000000000467028348645183912238	238.728959916139615415886510163546	-0.000000000467028348645183912238
-0.500	0.811	-108.366604497429420916887465864420	0.000000000000302474069253886833	667.752772302006519566930364817381	0.000000000000765526864310356035	-188.115545232879895820587989874184	0.000000000000093007254861891365	-45.011758597338243248486833181232	-0.000000000000495275044985876551	-84.657982436792408975634316448122	-0.000000000000173581113101031952	108.366604497429491971161041874439	-0.000000000000302474069253886783	-78.092363221595206823621992953122	-0.000000000000302474069253886833
-0.500	0.911	-62.296534031607166070898529142141	0.000000000000000069790561417278	-369.076549221321783988969400525093	0.000000000000000226725419678680	221.118588798938361605905811302364	0.000000000000000016952796040441	380.054336091043751366669312119484	-0.000000000000000129225707934050	-151.914748755266828084131702780724	-0.000000000000000035540579314071	62.296534031607137649189098738134	-0.000000000000000069790561417278	181.307736815316815182086429558694	-0.000000000000000069790561417278
-0.400	0.011	-129.101829876501966509749763645232	-49.410688745071020377963577629998	-99.075736092476006433571456000209	9.761587505568044775827729608864	688.501475637407224894559476524591	543.505905823570401480537839233875	-113.043702231912320144147088285536	4.383645216223975182856520405039	-251.119470268988550287758698686957	-19.072722584728964534406259190291	129.101829876501909666330902837217	49.410688745071006167108862427995	267.903218611469355892040766775608	49.410688745071020377963577629998
-0.400	0.111	-142.517363825500098073462140746415	6.307589603994768978623142174911	276.083478353322561815730296075344	-5.207914105488828049317362456350	544.151394666253054310800507664680	295.314406276360386982560157775879	-70.151920221395258181473764125258	14.221247512395954970543243689463	-81.787323396265975361529854126275	-104.573911228659611083458003122360	142.517363825500069651752710342407	-6.307589603994768978623142174911	-169.296548732266245451683062128723	-6.307589603994768978623142174911
-0.400	0.211	31.235088219579775881129535264336	18.752429448204388506837858585641	295.307226209816633399896090850234	-1.409254439922040358368349188822	556.368538562012076909013558179140	59.029692072599594609982887050137	39.053495752474027824518998386338	-4.438353459182625471157734864391	-15.319549303398240169826749479398	-39.734587817212428717539296485484	-31.235088219579793644697929266840	-18.752429448204388506837858585641	-581.863633054375895881094038486481	-18.752429448204388506837858585641
-0.400	0.311	-7.581510398938632100396262103459	3.464095463524049289816275631892	861.928187923241580392641481012106	1.025712974811999078639246363309	102.471568794540885960486775729805	4.340721475032346177158615319058	-18.589455857293636142912873765454	-2.210330633462132432498492562445	-118.455837254675344638599199242890	-4.306634827866446357802487909794	7.581510398938748451769242819864	-3.464095463524048845727065781830	-81.963342768781600966576661448926	-3.464095463524049289816275631892
-0.400	0.411	-15.819646707324466206046054139733	0.171729056598945162281921739122	55.025914004997723338874493492767	0.134707149120584818158263828991	-206.268105524022502095249365083873	0.117424532632054393066489694775	183.498509707770921295377775095403	-0.164528428652431918388643339313	11.937037640361594981186499353498	-0.153963012970077667285195843760	15.819646707324395151772478129715	-0.171729056598945190037497354751	-200.584324095527790632331743836403	-0.171729056598945162281921739122
-0.400	0.511	12.110247898437886959754905547015	0.002700523528752555007387270436	-354.217967266278833449177909642458	0.003786576354431604556072255008	-179.721199180215336355104227550328	0.001168587613638224012579946987	-68.756552039803978004783857613802	-0.003386834489379346099791057156	-130.931791435227950159969623200595	-0.001905012887705207283439712285	-12.110247898437878077970708545763	-0.002700523528752555007387270436	39.083842412539041788477334193885	-0.002700523528752555007387270436
-0.400	0.611	-413.398676813288091125286882743239	0.000014304193972742354005176814	-790.400429622876799840014427900314	0.000030779814426213234694433563	-316.825466568709146031324053183198	0.000004278280304114919391526503	-35.795455665059243699488433776423	-0.000022023340897389000864713127	301.978080255801557996164774522185	-0.000008339234467628171823734042	413.398676813288147968705743551254	-0.000014304193972742354005176814	268.627255170887735857832012698054	-0.000014304193972742354005176814
-0.400	0.711	66.680424628081667037804436404258	0.000000026275345113161936959159	-124.386966526386729015030141454190	0.000000079722442282755287149831	212.955109462676432485750410705805	0.000000005762125457777973542753	-230.250050756088967318646609783173	-0.000000047807320003031043182330	-379.998081503173125383909791707993	-0.000000013069773154905962110321	-66.680424628081638616095006000251	-0.000000026275345113161936959159	348.437170496587782508868258446455	-0.000000026275345113161936959159
-0.400	0.811	69.089510959950516166827583219856	0.000000000017017405004393790580	131.052465392298216784183750860393	0.000000000068910532258701571378	57.290551385190596533902862574905	0.000000000002854971009345268126	-237.487935912839219554371084086597	-0.000000000035666591003492138002	-96.923746231606173751060850918293	-0.000000000007386493092399300424	-69.089510959950615642810589633882	-0.000000000017017405004393790580	-275.428084461194828236330067738891	-0.000000000017017405004393790580
-0.400	0.911	-10.524333648713080080483450728934	0.000000000000003926466331647611	146.012050267364145383908180519938	0.000000000000020409171872381509	-12.438562203421332341690686007496	0.000000000000000520386729988670	28.642262849806652269535334198736	-0.000000000000009306022014801768	216.607767912637456220181775279343	-0.000000000000001512377924725355	10.524333648713160016541223740205	-0.000000000000003926466331647611	406.937383811672418687521712854505	-0.000000000000003926466331647611
-0.300	0.011	-806.808170352869751695834565907717	-872.670554337759085683501325547695	461.651196678075848467415198683739	323.259382081209707848756806924939	2886.978238112676081073004752397537	3312.597002496810546290362253785133	-104.833758438626006181948469020426	108.874794421362352636606374289840	-14.371184941159299341961741447449	-218.631402164789363951058476231992	806.808170352869751695834565907717	872.670554337759085683501325547695	511.833685930741694392054341733456	872.670554337759085683501325547695
-0.300	0.111	219.746264157836151298397453501821	111.401962936659003844397375360131	-30.409706122297979646873500314541	-172.462429365311237461355631239712	2016.972125300953621263033710420132	1799.902460200224140862701460719109	470.300286301457049376040231436491	353.207279092065277836809400469065	-1103.946502430405189443263225257397	-1198.735038493348611154942773282528	-219.746264157836378672072896733880	-111.401962936659003844397375360131	-379.998821316123837732448009774089	-111.401962936659003844397375360131
-0.300	0.211	440.924907538755405767005868256092	331.197427467082036400825018063188	47.641790408277749691023927880451	-46.668097702812119109694322105497	478.771804008836681987304473295808	359.778208337405771999328862875700	-185.877934593497087689684121869504	-110.233560564943473991661448962986	-342.352979756069487393688177689910	-455.479211755155517948878696188331	-440.924907538755633140681311488152	-331.197427467082036400825018063188	-291.424923802830392105533974245191	-331.197427467082036400825018063188
-0.300	0.311	45.486434965262318996792600955814	61.181379681415904769892222248018	307.218575327778921746357809752226	33.966948740794201455628353869542	549.802659525352169112011324614286	26.456126405981230220731958979741	-86.598927626180724814730638172477	-54.897073428930994509755691979080	-233.188746877376047450525220483541	-49.367131873560950339197006542236	-45.486434965262347418502031359822	-61.181379681415904769892222248018	-386.097337978691030002664774656296	-61.181379681415904769892222248018
-0.300	0.411	180.765916506593384838197380304337	3.033005505980742366745062099653	-455.807829120984138171479571610689	4.460888125195104692011227598414	568.649693546496337148710153996944	0.715687080211412696151285217638	130.780810223310027140541933476925	-4.086324956159037569136671663728	-264.075130903986575958697358146310	-1.764884339801342738596190429234	-180.765916506593384838197380304337	-3.033005505980742366745062099653	-538.294925757857413373130839318037	-3.033005505980742366745062099653
-0.300	0.511	-92.609280175062323792189999949187	0.047695497162519015499348995490	-181.219809823073717325314646586776	0.125394187353099650916732343831	73.547823136092276286035485100001	0.007122387787538536109421816178	-54.289116664108234999730484560132	-0.084117416118812682324090701513	229.377320334548585378797724843025	-0.021837240956593145790876064893	92.609280175062110629369271919131	-0.047695497162519015499348995490	-123.993372700659278962120879441500	-0.047695497162519015499348995490
-0.300	0.611	93.329148725701941202714806422591	0.000252634585766487406149199968	172.105643928652455088013084605336	0.001019287465928725303423996174	19.988069151490197583598273922689	0.000026075555682834982015264741	-33.430038359107030032646434847265	-0.000546984665593040026917992513	163.288211148931821981022949330509	-0.000095592987133272992825855363	-93.329148725702069100407243240625	-0.000252634585766487406149199968	-216.239579387015197653454379178584	-0.000252634585766487406149199968
-0.300	0.711	327.526631118779562257259385660291	0.000000464063962022923371786282	-257.512934923905220330198062583804	0.000002640044707444222402099388	67.535813206639886630000546574593	0.000000035119396707424393411468	319.954553592640365877741714939475	-0.000001187370756625661799836969	247.605978483670895684554125182331	-0.000000149819346353872376676820	-327.526631118779675944097107276320	-0.000000464063962022923371786282	96.404336742349144628860813099891	-0.000000464063962022923371786282
-0.300	0.811	318.479032726939351505279773846269	0.000000000300554164205128860847	143.978563386924378164621884934604	0.000000002282003420460964711190	362.013994157469937817950267344713	0.000000000017400672755233111275	-17.439870424079146005169604904950	-0.000000000885836460679860016496	817.005295871015846387308556586504	-0.000000000084671673626964265677	-318.479032726939465192117495462298	-0.000000000300554164205128860847	-942.355513172424593903997447341681	-0.000000000300554164205128860847
-0.300	0.911	-197.360792572702536062934086658061	0.000000000000069347577158986285	400.537119647872145833389367908239	0.000000000000675858950656544329	2088.442726060422046430176123976707	0.000000000000003171688666910578	-65.492331338891688119474565610290	-0.000000000000231129843718275782	1232.737215417878815060248598456383	-0.000000000000017336450253333211	197.360792572702450797805795446038	-0.000000000000069347577158986285	-39.816070812806678702600038377568	-0.000000000000069347577158986285
-0.200	0.011	-4069.549420469659708032850176095963	-3986.738909213813258247682824730873	3646.788645788252324564382433891296	3938.105469945072854898171499371529	-6395.871977570398485113400965929031	-6725.948829526962072122842073440552	851.909472567684815658139996230602	884.244350340718938241479918360710	-92.072836850696475607946922536939	-295.941748499186473964073229581118	4069.549420469659708032850176095963	3986.738909213812348752981051802635	3725.500515327359607908874750137329	3986.738909213813258247682824730873
-0.200	0.111	582.435994289897053022286854684353	508.932652757385653785604517906904	-1931.817328125638823621557094156742	-2101.022504191154439467936754226685	-3683.238968585064412764040753245354	-3654.550141874091877980390563607216	2833.795062780463922536000609397888	2868.630362943729778635315597057343	-1535.285397083966017817147076129913	-1622.620262992097877940977923572063	-582.435994289897053022286854684353	-508.932652757385653785604517906904	-432.010925981909508664102759212255	-508.932652757385653785604517906904
-0.200	0.211	1557.849646647333884175168350338936	1513.053997469344267301494255661964	-74.600964308071553432455402798951	-568.533818422027820815856102854013	-640.774389620983924942265730351210	-730.499308377192505759012419730425	-953.499557615161165813333354890347	-895.279790566175620369904208928347	-452.681794508647271868539974093437	-616.541416270350964623503386974335	-1557.849646647333884175168350338936	-1513.053997469344267301494255661964	-1815.825754689345785664045251905918	-1513.053997469344267301494255661964
-0.200	0.311	163.707585422892037740894011221826	279.503170678633352963515790179372	300.551401006585933828318957239389	413.802147898249756963195977732539	-29.698586581948749341108850785531	-53.716933360745620973375480389223	-175.108023708367426252152654342353	-445.855510338831265926273772493005	-290.428205069319574249675497412682	-66.823865100767605440523766446859	-163.707585422892179849441163241863	-279.503170678633352963515790179372	-190.039366913565544336961465887725	-279.503170678633352963515790179372
-0.200	0.411	-31.756566707090865264717649552040	13.856089222271569028066551254597	316.544914588777032804500777274370	54.344742644563297062632045708597	114.667902481323153551784344017506	-1.453142255404840987864645285299	-72.154522088279421154766168911010	-33.187752733252978032396640628576	222.705020804461980787891661748290	-2.388965867885560978578496360569	31.756566707090840395721897948533	-13.856089222271569028066551254597	23.691096437119607998056380893104	-13.856089222271569028066551254597
-0.200	0.511	86.207234126259450590623600874096	0.217893789800676668244605593827	-100.200424136833348143227340187877	1.527613930136456410480150225339	292.845873864597194824455073103309	-0.014461407701246055054755679237	287.689707116961415067635243758559	-0.683173275904944365954918339412	323.993574978686183385434560477734	-0.029559117341346956980840943174	-86.207234126259251638657588046044	-0.217893789800676668244605593827	-167.967746896387950528151122853160	-0.217893789800676668244605593827
-0.200	0.611	70.384061425679277590461424551904	0.001154144743261896434091684505	245.685621948903900602090288884938	0.012417463397897442536899070831	617.878605957491004119219724088907	-0.000052944216604687338503104632	71.502774881240284798877837602049	-0.004442424923456412405586846148	263.693654054762305349868256598711	-0.000129395665381855926642090671	-70.384061425679234957897278945893	-0.001154144743261896650932119002	-110.054993141862496486282907426357	-0.001154144743261896434091684505
-0.200	0.711	368.079216301078474771202309057117	0.000002120046155521631963005282	925.224895936329630785621702671051	0.000032162328704426173923720117	-312.527014686901907225546892732382	-0.000000071306973048623952008034	893.016341906799880234757438302040	-0.000009643424714471956108005797	-2.176783777744224046557519613998	-0.000000202797031350286629942768	-368.079216301078531614621169865131	-0.000002120046155521631963005282	-568.454596817634183025802485644817	-0.000002120046155521631963005282
-0.200	0.811	1891.255330907017651043133810162544	0.000000001373062233859964316291	-1240.291105778628434563870541751385	0.000000027800492888070180259572	-1393.234232088779435798642225563526	-0.000000000035330598458800533310	544.570215715316749083285685628653	-0.000000007194464888268840077830	1015.821474172491775789239909499884	-0.000000000114612461400348990779	-1891.255330907017423669458366930485	-0.000000001373062233859964316291	-1912.846302729240733242477290332317	-0.000000001373062233859964316291
-0.200	0.911	-337.741971787440093066834378987551	0.000000000000316809914973288298	-474.522660005457908027892699465156	0.000000000008233647584660737667	-4643.583852619552999385632574558258	-0.000000000000006439846338311624	-3493.125807512997653248021379113197	-0.000000000001877158616824154969	1628.180358487185912963468581438065	-0.000000000000023466800056807573	337.741971787439922536577796563506	-0.000000000000316809914973288298	906.795422601103837223490700125694	-0.000000000000316809914973288298
-0.100	0.011	103.800352792920932643028208985925	-0.000000000002644895294736666607	17153.039406482213962590321898460388	17649.364242491385084576904773712158	-11842.910004278541236999444663524628	-12057.444542777651804499328136444092	1711.519458304900581424590200185776	1981.454120215092416401603259146214	1181.818801302267274877522140741348	1326.318899705540161448880098760128	-103.800352792920932643028208985925	0.000000000002644895294736666607	408.644034053177620080532506108284	0.000000000002644895294736666607
-0.100	0.111	52.007776466754123134705878328532	0.000000000000337637755887381297	-9747.921541223868189263157546520233	-9416.129593567804477061145007610321	-6366.935639401268417714163661003113	-6551.422971135820262134075164794922	6211.632939103375065315049141645432	6428.154672222413864801637828350067	7121.762133760655160585884004831314	7272.079497960755361418705433607101	-52.007776466754052080432302318513	-0.000000000000337637755887381297	-59.294206525971603127800335641950	-0.000000000000337637755887381297
-0.100	0.211	49.781967326794173800408316310495	0.000000000001003795204481635963	-2603.241889516995343001326546072960	-2547.991800139569022576324641704559	-1137.108804102785143186338245868683	-1309.548306497433486583759076893330	-1815.434164116353485951549373567104	-2006.182826137491929330280981957912	2369.771377100547852023737505078316	2763.146926709582658077124506235123	-49.781967326794045902715879492462	-0.000000000001003795204481635963	-318.560228130097982557344948872924	-0.000000000001003795204481635963
-0.100	0.311	46.559630306912232811100693652406	0.000000000000185428902626000591	1730.035441580104816239327192306519	1854.532563517999506075284443795681	-513.425302255178394261747598648071	-96.297037253972732173679105471820	-1102.702622141302526870276778936386	-999.092883817769347842840943485498	355.746341411862033510260516777635	299.483785859855004218843532726169	-46.559630306912126229690329637378	-0.000000000000185428902626000591	605.597543737221826631866861134768	-0.000000000000185428902626000591
-0.100	0.411	112.047278168992932023684261366725	0.000000000000009192451781264123	410.267325825220325441478053107858	243.556239140474275473025045357645	-80.113823971850592897681053727865	-2.605012705477714796131749608321	-456.758255316194265560625353828073	-74.368594346851054410763026680797	412.686562685793603577621979638934	10.706602219513399631978245452046	-112.047278168993003077957837376744	-0.000000000000009192451781264123	-294.629040970407913846429437398911	-0.000000000000009192451781264123
-0.100	0.511	11.067925397222358796511798573192	0.000000000000000144555806768344	172.700204618934662903484422713518	6.846290654388743845970566326287	647.504287685216013414901681244373	-0.025924613134550932025401692727	-39.549399098432161281380103901029	-1.530885101885123056320026080357	-139.921000568482639891954022459686	0.132474773117555177925908083125	-11.067925397222387218221228977200	-0.000000000000000144555806768344	-90.162015053250343044055625796318	-0.000000000000000144555806768344
-0.100	0.611	-22.888488071604669471525994595140	0.000000000000000000765686459638	484.111078831378279119235230609775	0.055651209991679932709285338888	-61.753745055850956191534351091832	-0.000094911806757935426480041197	519.830187206561618040723260492086	-0.009954783612626007249790660580	119.203094108760424774118291679770	0.000579911139290985007746503932	22.888488071604687235094388597645	-0.000000000000000000765686459638	41.720510587977543082160991616547	-0.000000000000000000765686459638
-0.100	0.711	-10.757838821714507560045603895560	0.000000000000000000001406487916	2147.014579944149318180279806256294	0.000144141557031247517827246551	145.398704911660644256699015386403	-0.000000127830272700364144499845	1720.922150668001904705306515097618	-0.000021609415571738553428363452	-609.954242199740292562637478113174	0.000000908873238899588381826608	10.757838821714619470526486111339	-0.000000000000000000001406487916	453.962439736490864561346825212240	-0.000000000000000000001406487916
-0.100	0.811	-36.614647884073491468370775692165	0.000000000000000000000000910921	-5136.479590679315151646733283996582	0.000000124593165126475200000906	-2217.689068193493767466861754655838	-0.000000000063336302784523744207	709.905326882875897354097105562687	-0.000000016121677328342713448824	-4109.314167506440753641072660684586	0.000000000513657415582487172092	36.614647884073569628071709303185	-0.000000000000000000000000910921	149.719660195690948967239819467068	-0.000000000000000000000000910921
-0.100	0.911	-57.881559850861926008747104788199	0.000000000000000000000000000210	-4409.241640122168064408469945192337	0.000000000036900648389189437000	-8352.914663861600274685770273208618	-0.000000000000011544555579627133	-8390.903970426397791015915572643280	-0.000000000004206420628155867834	-7630.873969474335353879723697900772	0.000000000000105170901330403110	57.881559850862004168448038399220	-0.000000000000000000000000000210	-231.261617938482999079496948979795	-0.000000000000000000000000000210
-0.000	0.011	9665.450531034693995025008916854858	9819.412483990152395563200116157532	29145.171024435381696093827486038208	29098.882240929804538609459996223450	28906.975708411198866087943315505981	29819.047931947017787024378776550293	-254.446715237398734643647912889719	0.000000000000906737339355376625	-79.534953742608053062213002704084	0.000000000000910409323627340191	-9665.450531034693995025008916854858	-9819.412483990152395563200116157532	-9464.385338868212784291245043277740	-9819.412483990152395563200116157532
-0.000	0.111	-1218.558582801886814195313490927219	-1253.510640600637998431921005249023	-15332.662207276820481638424098491669	-15524.573148584195223520509898662567	15974.675740141150527051649987697601	16202.205608797577951918356120586395	151.320617980359628518272074870765	0.000000000002941601223561547260	-22.769631488954658493639726657420	0.000000000004991687126355923573	1218.558582801886586821638047695160	1253.510640600637998431921005249023	1434.998567018846188148017972707748	1253.510640600637998431921005249023
-0.000	0.211	-3634.267581861847702384693548083305	-3726.680289337420617812313139438629	-3998.303921207248549762880429625511	-4200.928278459617104090284556150436	3040.436963764238953444873914122581	3238.620221897470855765277519822121	-87.215909829692705557135923299938	-0.000000000000918053493883013821	-362.660234582134876291092950850725	0.000000000001896674114488701112	3634.267581861846792889991775155067	3726.680289337420617812313139438629	3966.715681854399463190929964184761	3726.680289337420617812313139438629
-0.000	0.311	-579.598400401592584785248618572950	-688.421535991136579468729905784130	3349.018117615672508691204711794853	3057.607284678164887736784294247627	356.554019794271539467445109039545	238.150460439041239624202717095613	217.137229368867451739788521081209	-0.000000000000457196971658105084	32.404090506206003396982850972563	0.000000000000205571096802253472	579.598400401592471098410896956921	688.421535991136579468729905784130	658.112320566376638453220948576927	688.421535991136579468729905784130
-0.000	0.411	-48.672561342718900334602949442342	-34.127806858384325039423856651410	27.816818779379410386809468036518	401.556352082627029176364885643125	-287.883958909484874766349093988538	6.442409786947789207545156386914	-150.964875891451896450234926305711	-0.000000000000034031967069892584	238.260216164654735848671407438815	0.000000000000007349205750727233	48.672561342718786647765227826312	34.127806858384325039423856651410	36.810107609143791762562614167109	34.127806858384325039423856651410
-0.000	0.511	-190.345156773279541084775701165199	-0.536676478815268365174517839478	83.899730148504715998569736257195	11.287625027286221524036591290496	-46.762328131084856863708409946412	0.064113691664409014348002813222	107.140772392157259673695079982281	-0.000000000000000700551514153362	67.852442927699613051117921713740	0.000000000000000090933084508119	190.345156773279398976228549145162	0.536676478815268365174517839478	211.551702305453090957598760724068	0.536676478815268365174517839478
-0.000	0.611	-92.756402762905921122182917315513	-0.002842680084749354442463786796	654.018246399634563204017467796803	0.091753333653482205267692961570	-32.469176670657084571303130360320	0.000234724671963582227646877287	205.214466220883309688360895961523	-0.000000000000000004555429224771	-104.030845077398964804160641506314	0.000000000000000000398061513112	92.756402762905878489618771709502	0.002842680084749354442463786796	403.190270360544161576399346813560	0.002842680084749354442463786796
-0.000	0.711	-1289.349558461479546167538501322269	-0.000005221713325157212988935577	3516.060824793644769670208916068077	0.000237649251069253374026718495	575.510144324372731716721318662167	0.000000316134734460732169260126	-67.626890704321979796986852306873	-0.000000000000000000009888729585	65.676829046583847571127989795059	0.000000000000000000000623867059	1289.349558461480683035915717482567	0.000005221713325157212988935577	1161.383195445509045384824275970459	0.000005221713325157212988935577
-0.000	0.811	-4490.230303015690878964960575103760	-0.000000003381877957771437208306	-9174.958597715736686950549483299255	0.000000205419401527873149651283	5215.899883519334252923727035522461	0.000000000156635864412521955722	-48.283976657605663262984307948500	-0.000000000000000000000007377474	-259.433419456508033817954128608108	0.000000000000000000000000352584	4490.230303015690878964960575103760	0.000000003381877957771437208306	4316.321880605774822470266371965408	0.000000003381877957771437208306
-0.000	0.911	1360.313963982684072107076644897461	-0.000000000000780308744811691987	-6444.336838336510481894947588443756	0.000000000060838883901883049594	19977.958166775828431127592921257019	0.000000000000028550631517366626	59.280779283985481242780224420130	-0.000000000000000000000000001925	-22.351162934947428340137776103802	0.000000000000000000000000000072	-1360.313963982684072107076644897461	0.000000000000780308744811691987	-1375.781230662310235857148654758930	0.000000000000780308744811691987
0.100	0.011	44.071007942360509446189098525792	0.000000000003967342942105002535	17458.017013650416629388928413391113	17649.364242491395998513326048851013	-11872.345083714071733993478119373322	-12057.444542777624519658274948596954	-1880.814152840653150633443146944046	-1981.454120215092416401603259146214	-1328.928767702616596579900942742825	-1326.318899705541070943581871688366	-44.071007942360544973325886530802	-0.000000000003967342942105002535	-553.221392028000991558656096458435	-0.000000000003967342942105002535
0.100	0.111	68.523114944880362031653930898756	-0.000000000000506456633831072324	-9701.511406178602555883117020130157	-9416.129593567809934029355645179749	-6464.414488568050728645175695419312	-6551.422971135808438702952116727829	-6316.201124084331240737810730934143	-6428.154672222413864801637828350067	-7173.999967783563079137820750474930	-7272.079497960759908892214298248291	-68.523114944880433085927506908774	0.000000000000506456633831072324	90.119354260381399512880307156593	0.000000000000506456633831072324
0.100	0.211	-33.512155464989994868574285646901	-0.000000000001505692806722454853	-2910.704258423357259744079783558846	-2547.991800139569932071026414632797	-1422.643421253412725491216406226158	-1309.548306497430530725978314876556	2066.518840845325030386447906494141	2006.182826137491701956605538725853	-2367.018443744430896913399919867516	-2763.146926709583567571826279163361	33.512155464989945130582782439888	0.000000000001505692806722454853	100.590303273663948857574723660946	0.000000000001505692806722454853
0.100	0.311	158.436403347256202778225997462869	-0.000000000000278143353939001088	1543.723198074250376521376892924309	1854.532563518001097691012546420097	-293.380596342499245565704768523574	-96.297037253972547432567807845771	1098.755711933864176899078302085400	999.092883817769575216516386717558	-324.908116328066626010695472359657	-299.483785859855231592518975958228	-158.436403347256458573610871098936	0.000000000000278143353939001088	158.698525285656558025948470458388	0.000000000000278143353939001088
0.100	0.411	-47.301832078892346089560305699706	-0.000000000000013788677671896207	122.644496014553936902302666567266	243.556239140474730220375931821764	55.152827594280147138761094538495	-2.605012705477712575685700358008	86.448148112574529022822389379144	74.368594346851139675891317892820	62.002322096592500599854247411713	-10.706602219513419171903478854802	47.301832078892275035286729689687	0.000000000000013788677671896210	214.809564613999384619091870263219	0.000000000000013788677671896207
0.100	0.511	21.118003822850660355925356270745	-0.000000000000000216833710152516	-284.503853015562299333396367728710	6.846290654388743845970566326287	158.802774981921629660064354538918	-0.025924613134550862636462653654	-178.069278284764038744469871744514	1.530885101885122390186211305263	142.254327269034348546483670361340	-0.132474773117555150170332467496	-21.118003822850585748938101460226	0.000000000000000216833710152516	-116.156684223385781251636217348278	0.000000000000000216833710152516
0.100	0.611	75.794569372946284602221567183733	-0.000000000000000001148529689458	744.740817321436225029174238443375	0.055651209991679932709285338888	130.700313090595045650843530893326	-0.000094911806757935168982025231	73.014970722407099401607410982251	0.009954783612626003780343708627	-33.920177228645918887650623219088	-0.000579911139290984899326286683	-75.794569372946284602221567183733	0.000000000000000001148529689458	113.414335047288332702919433359057	0.000000000000000001148529689458
0.100	0.711	-27.916570227942884230287745594978	-0.000000000000000000002109731874	1962.848837332347102346830070018768	0.000144141557031247517827246551	-0.018873529714955657177188896867	-0.000000127830272700363826862490	-1332.120928860073718169587664306164	0.000021609415571738539875836296	699.026475416555854280886705964804	-0.000000908873238899588275947490	27.916570227942866466719351592474	0.000000000000000000002109731874	-257.413904261782931826019193977118	0.000000000000000000002109731874
0.100	0.811	56.880320709982058247078384738415	-0.000000000000000000000001366382	-6055.057189875878066231962293386459	0.000000124593165126475200000906	-1990.807908745729264410329051315784	-0.000000000063336302784523576186	-946.175421287258700431266333907843	0.000000016121677328342703522656	3906.149459167817894922336563467979	-0.000000000513657415582487068695	-56.880320709982058247078384738415	0.000000000000000000000001366382	200.319817236703158869204344227910	0.000000000000000000000001366382
0.100	0.911	90.307201403952348073289613239467	-0.000000000000000000000000000315	-4034.694508005172792763914912939072	0.000000000036900648389189437000	-8042.719472302544090780429542064667	-0.000000000000011544555579627105	7851.036512105562906072009354829788	0.000000000004206420628155866219	7045.888227683819422964006662368774	-0.000000000000105170901330403097	-90.307201403952277019016037229449	0.000000000000000000000000000315	87.703409598875637698256468866020	0.000000000000000000000000000315
0.200	0.011	-4047.867805635492459259694442152977	-3986.738909213813258247682824730873	3647.173817626341588038485497236252	3938.105469945075128634925931692123	-6555.143195931561422185041010379791	-6725.948829526970257575158029794693	-844.679657273410043671901803463697	-884.244350340719506675668526440859	210.698314057146944833220914006233	295.941748499186019216722343116999	4047.867805635491095017641782760620	3986.738909213813258247682824730873	4250.059503409138415008783340454102	3986.738909213813258247682824730873
0.200	0.111	585.948344053262985653418581932783	508.932652757385653785604517906904	-2052.094701843763687065802514553070	-2101.022504191155803709989413619041	-2934.719112097655397519702091813087	-3654.550141874095515959197655320168	-2591.121560937563572224462404847145	-2868.630362943730688130017369985580	1851.435195120241132826777175068855	1622.620262992095376830548048019409	-585.948344053263099340256303548813	-508.932652757385653785604517906904	-919.536416536712408742459956556559	-508.932652757385653785604517906904
0.200	0.211	1540.780176910930322264903225004673	1513.053997469344494675169698894024	-619.221527882919417606899514794350	-568.533818422028389250044710934162	-824.511316788614522010902874171734	-730.499308377193301566876471042633	752.108159257199758940259926021099	895.279790566176188804092817008495	453.008188582530522126035066321492	616.541416270350055128801614046097	-1540.780176910930777012254111468792	-1513.053997469344494675169698894024	-1185.099484630817642027977854013443	-1513.053997469344494675169698894024
0.200	0.311	223.029765875631937888101674616337	279.503170678633182433259207755327	1542.213706459088143674307502806187	413.802147898249756963195977732539	-28.844135874360542715066912933253	-53.716933360745635184230195591226	528.304910648515146931458730250597	445.855510338831152239436050876975	298.725391141040461207012413069606	66.823865100767449121121899224818	-223.029765875632023153229965828359	-279.503170678633125589840346947312	-760.463302355947575961181428283453	-279.503170678633182433259207755327
0.200	0.411	-70.473324283619476204876264091581	13.856089222271558369925514853094	313.029667757830623031622963026166	54.344742644563297062632045708597	553.511734489051832497352734208107	-1.453142255404841653998460060393	2.252049098512637126390245612129	33.187752733252963821541925426573	69.265101498593722340046952012926	2.388965867885555205418768309755	70.473324283619419361457403283566	-13.856089222271558369925514853094	-732.373421780011653936526272445917	-13.856089222271558369925514853094
0.200	0.511	60.924103410122157242767571005970	0.217893789800677251111693522034	-323.181307750959092572884401306510	1.527613930136461517506063501060	-210.480138637833334769311477430165	-0.014461407701246110565906910495	233.414459911884819121041800826788	0.683173275904946475378665127209	206.543595374456913305039051920176	0.029559117341346991675310462711	-60.924103410122249613323219818994	-0.217893789800677251111693522034	-345.797146680484786429587984457612	-0.217893789800677251111693522034
0.200	0.611	-83.313613639200653437910659704357	0.001154144743261899903538636458	224.290043847036912438852596096694	0.012417463397897487639709446228	-323.286159481905144730262691155076	-0.000052944216604687555343539129	232.814275599357387136478791944683	0.004442424923456427150736391951	84.249198496706185324001125991344	0.000129395665381856116377470856	83.313613639200610805346514098346	-0.001154144743261900120379070955	47.508801156945182242452574428171	-0.001154144743261899903538636458
0.200	0.711	523.579656744860017170140054076910	0.000002120046155521629845422914	638.134987601461489248322322964668	0.000032162328704426173923720117	-259.387047517611222247069235891104	-0.000000071306973048623978477813	-689.559347155778368687606416642666	0.000009643424714471954413939903	288.147388259319029657490318641067	0.000000202797031350286179956515	-523.579656744860130856977775692940	-0.000002120046155521630268939387	-790.054733726973950069805141538382	-0.000002120046155521629845422914
0.200	0.811	1782.033919812129852289217524230480	0.000000001373062233859963282315	-1156.290545637102923137717880308628	0.000000027800492888070180259572	-750.983579686748612402880098670721	-0.000000000035330598458800546235	-504.018751246255817477504024282098	0.000000007194464888268837596288	-1071.595682059003138419939205050468	0.000000000114612461400348732285	-1782.033919812129852289217524230480	-0.000000001373062233859963282315	-2267.505209537860537238884717226028	-0.000000001373062233859963282315
0.200	0.911	-615.388438073383781556913163512945	0.000000000000316809914973288096	-824.939339230504060651583131402731	0.000000000008233647584660737667	-4376.157713091362893464975059032440	-0.000000000000006439846338311625	3779.838981560087177058449015021324	0.000000000001877158616824154161	-1649.316159867918713644030503928661	0.000000000000023466800056807520	615.388438073383326809562277048826	-0.000000000000316809914973287995	373.939518548526507402129936963320	-0.000000000000316809914973288096
0.300	0.011	-768.749693250923428422538563609123	-872.670554337760563612391706556082	641.965316208595368152600713074207	323.259382081210276282945415005088	3146.789488440067543706391006708145	3312.597002496813274774467572569847	-295.363274460681736854894552379847	-108.874794421362537377717671915889	218.284586288837772372062318027020	218.631402164789648168152780272067	768.749693250923655796214006841183	872.670554337760563612391706556082	1152.229149500623861968051642179489	872.670554337760563612391706556082
0.300	0.111	123.033818984328533474581490736455	111.401962936659160163799242582172	184.420117078271147192936041392386	-172.462429365311493256740504875779	1818.760339627638813908561132848263	1799.902460200225732478429563343525	-417.398560101957116330595454201102	-353.207279092065846270998008549213	1067.126477349951755968504585325718	1198.735038493350202770670875906944	-123.033818984328490842017345130444	-111.401962936659188585508672986180	68.536923007938597152133297640830	-111.401962936659160163799242582172
0.300	0.211	210.500557283292209831415675580502	331.197427467082320617919322103262	-306.752737112006798270158469676971	-46.668097702812161742258467711508	441.267838133588270466134417802095	359.778208337405771999328862875700	114.132627622209739115533011499792	110.233560564943559256789740175009	371.723527672047111991560086607933	455.479211755155745322554139420390	-210.500557283292295096543966792524	-331.197427467082320617919322103262	15.050377649638303267920491634868	-331.197427467082320617919322103262
0.300	0.311	-26.133373436193494399049086496234	61.181379681415890559037507046014	310.796999266451962284918408840895	33.966948740794201455628353869542	-69.808487798348721753427525982261	26.456126405981201799022528575733	289.129590950790770875755697488785	54.897073428930987404328334378079	-66.629480157575358134636189788580	49.367131873560936128342291340232	26.133373436193494399049086496234	-61.181379681415890559037507046014	-485.226375458464985968021210283041	-61.181379681415890559037507046014
0.300	0.411	-169.109572754886471557256300002337	3.033005505980752580796888651093	48.536763426969116608233889564872	4.460888125195120679222782200668	558.624666506610424221435096114874	0.715687080211414583530427080404	-241.725587157427014517452334985137	4.086324956159051779991386865731	28.792986904202006570585581357591	1.764884339801348511755918480048	169.109572754886556822384591214359	-3.033005505980752580796888651093	4.921002229145116757536015938967	-3.033005505980752580796888651093
0.300	0.511	23.208908738137651539545913692564	0.047695497162519008560455091583	-282.177221150239915914426092058420	0.125394187353099650916732343831	39.595818626005176099624804919586	0.007122387787538530905251388248	5.341564857134135202443303569453	0.084117416118812668446302893699	140.229554604800256356611498631537	0.021837240956593135382535209033	-23.208908738137605354268089286052	-0.047695497162519008560455091583	-38.342062412415046424030151683837	-0.047695497162519008560455091583
0.300	0.611	-2.996934289858872890732754967758	0.000252634585766487406149199968	71.420055726849597022010129876435	0.001019287465928725303423996174	-21.789379677149046443673796602525	0.000026075555682834954910210429	-249.246747447999752012037788517773	0.000546984665593039918497775265	-85.077168812886412752050091512501	0.000095592987133272952168273895	2.996934289859057631844052593806	-0.000252634585766487406149199968	-299.630950699966490446968236938119	-0.000252634585766487406149199968
0.300	0.711	88.565420905116724270556005649269	0.000000464063962022923212967604	326.003457803037179019156610593200	0.000002640044707444222402099388	75.362832765338410467848007101566	0.000000035119396707424360324243	-107.190625892243005523596366401762	0.000001187370756625661376320495	196.520545423203230939179775305092	0.000000149819346353872297267481	-88.565420905116624794572999235243	-0.000000464063962022923212967604	-293.214598826875089798704721033573	-0.000000464063962022923212967604
0.300	0.811	471.792953109998904892563587054610	0.000000000300554164205128860847	-119.731731315384038794036314357072	0.000000002282003420460964711190	109.598363322639883676856698002666	0.000000000017400672755233095119	87.196628436873524492511933203787	0.000000000885836460679859809701	-674.201907708938620089611504226923	0.000000000084671673626964226903	-471.792953109998791205725865438581	-0.000000000300554164205128860847	-17.615207458568793441600064397790	-0.000000000300554164205128860847
0.300	0.911	-96.164148664237117714037594851106	0.000000000000069347577158986752	-84.656681456846854416653513908386	0.000000000000675858950656549074	2018.184382925850059109507128596306	0.000000000000003171688666910598	505.240412398968828711076639592648	0.000000000000231129843718277347	-1181.520377472853169820155017077923	0.000000000000017336450253333327	96.164148664237146135747025255114	-0.000000000000069347577158986765	8.266714142048661173589607642498	-0.000000000000069347577158986752
0.400	0.011	-39.818969633588274348312552319840	-49.410688745071020377963577629998	27.288857753095118852115774643607	9.761587505568044775827729608864	776.860715055581636079296004027128	543.505905823570401480537839233875	-94.384577350775927584436431061476	-4.383645216223975182856520405039	420.867103003428894680837402120233	19.072722584728964534406259190291	39.818969633588181977756903506815	49.410688745071006167108862427995	-127.946651980805981452249397989362	49.410688745071020377963577629998
0.400	0.111	109.476387440214764978918537963182	6.307589603994768978623142174911	75.929274716201277328764263074845	-5.207914105488828049317362456350	524.487720877516039763577282428741	295.314406276360386982560157775879	-277.930291024918972198065603151917	-14.221247512395954970543243689463	-24.823747956644101719803074956872	104.573911228659611083458003122360	-109.476387440214821822337398771197	-6.307589603994768978623142174911	-53.428431307546105699657346121967	-6.307589603994768978623142174911
0.400	0.211	132.575418501063893472746713086963	18.752429448204388506837858585641	267.769095517686309904092922806740	-1.409254439922040358368349188822	186.139666802834369718766538426280	59.029692072599594609982887050137	-38.252457516646529711579205468297	4.438353459182625471157734864391	-161.400178688601499743526801466942	39.734587817212428717539296485484	-132.575418501063978737875004298985	-18.752429448204388506837858585641	-17.391276477880037276690927683376	-18.752429448204388506837858585641
0.400	0.311	39.812617115064092843113030539826	3.464095463524049289816275631892	163.359702291946092600483098067343	1.025712974811999078639246363309	-164.832451190574062138693989254534	4.340721475032346177158615319058	0.753558059351822739913018267544	2.210330633462132432498492562445	-10.967247796704519657851051306352	4.306634827866446357802487909794	-39.812617115063986261702666524798	-3.464095463524048845727065781830	-340.911269649954476790298940613866	-3.464095463524049289816275631892
0.400	0.411	-36.960515513020588684867107076570	0.171729056598945162281921739122	-16.895955737007000152516411617398	0.134707149120584818158263828991	428.661173895853380599874071776867	0.117424532632054393066489694775	-126.097844965908649328412138856947	0.164528428652431918388643339313	113.427091543987884847410896327347	0.153963012970077667285195843760	36.960515513020538946875603869557	-0.171729056598945190037497354751	-193.511202084661078970384551212192	-0.171729056598945162281921739122
0.400	0.511	23.228076472800765372994646895677	0.002700523528752555007387270436	78.644522811980891674465965479612	0.003786576354431604556072255008	130.665721709712329356989357620478	0.001168587613638224012579946987	-15.302147468379134309657274570782	0.003386834489379346099791057156	-14.479560558617500021227897377685	0.001905012887705207283439712285	-23.228076472800896823400762514211	-0.002700523528752555007387270436	183.812957304261544777546077966690	-0.002700523528752555007387270436
0.400	0.611	-151.754194037201528999503352679312	0.000014304193972742354005176814	-230.504794837773090421251254156232	0.000030779814426213234694433563	195.459790768556786133558489382267	0.000004278280304114919391526503	-172.030037448642332265080767683685	0.000022023340897389000864713127	28.983269515128380788837603176944	0.000008339234467628171823734042	151.754194037201500577793922275305	-0.000014304193972742354005176814	-484.078338910899844904633937403560	-0.000014304193972742354005176814
0.400	0.711	-47.217515308188588107896066503599	0.000000026275345113161936959159	-0.387841027983977459925313269196	0.000000079722442282755287149831	-38.854510295355723314969509374350	0.000000005762125457777973542753	22.871514385837521388111781561747	0.000000047807320003031043182330	-283.148982463709444346022792160511	0.000000013069773154905962110321	47.217515308188545475331920897588	-0.000000026275345113161936959159	556.860113785968678712379187345505	-0.000000026275345113161936959159
0.400	0.811	30.552596587777085090920081711374	0.000000000017017405004393790580	-335.852080241757221301668323576450	0.000000000068910532258701571378	-49.679711363116247468951769405976	0.000000000002854971009345268126	53.450866157992798832765402039513	0.000000000035666591003492138002	-135.069713904955847283417824655771	0.000000000007386493092399300424	-30.552596587776950087800287292339	-0.000000000017017405004393790580	107.467089154763101532807922922075	-0.000000000017017405004393790580
0.400	0.911	-130.405472555582292670806054957211	0.000000000000003926466331647611	106.362381986706054703972768038511	0.000000000000020409171872381509	106.050719051347655863537511322647	0.000000000000000520386729988670	-37.731673597553836430051887873560	0.000000000000009306022014801768	-73.805791817879082827857928350568	0.000000000000001512377924725355	130.405472555582235827387194149196	-0.000000000000003926466331647611	504.624963371104570342140505090356	-0.000000000000003926466331647611
0.500	0.011	-3.285648231264518770444738038350	-0.878245072353862177294558932772	6.255186933314039521292215795256	0.108441441807105146133416440080	177.075182833068851095958962105215	17.705956430523759337347655673511	261.948959128102842441876418888569	-0.060872374414893459793063357210	-422.415818405229686050006421282887	0.448205173241291776609074304361	3.285648231264472141077703781775	0.878245072353862177294558932772	4.271556668140534362976268312195	0.878245072353862177294558932772
0.500	0.111	41.755337169241094841254380298778	0.112113585720689648561609885746	-4.421545951318637257543286978034	-0.057854699769338678583263657629	119.092057012438260699127567932010	9.620546814320283246502185647842	159.325439717302913322782842442393	-0.197479736730867078131623770787	15.150962285078986013786561670713	2.457466037716541151780802465510	-41.755337169241023786980804288760	-0.112113585720689676317185501375	27.218743160313273676820244872943	-0.112113585720689648561609885746
0.500	0.211	26.979513481681248521226734737866	0.333313078117977001912919376991	-319.049251777536994723050156608224	-0.015655402694596542295668584188	534.580496700338244409067556262016	1.923028148812715221183111680148	-35.652181258939059205204102909192	0.061632066516944444822811988161	-26.949021848083845043220208026469	0.933754881463245145489793230809	-26.979513481681205888662589131854	-0.333313078117977001912919376991	-321.657158629161983753874665126204	-0.333313078117977001912919376991
0.500	0.311	135.710358310521655766933690756559	0.061572199219887359389336012327	-188.178826904487948468158720061183	0.011394641886416737378007191239	-486.907937305545260642247740179300	0.141408997566459054828769126289	-12.219153920559866932649129012134	0.030693194194377240030524589542	361.078892220681836988660506904125	0.101205058718589244182162190100	-135.710358310521570501805399544537	-0.061572199219887359389336012327	-80.839095125630564098173636011779	-0.061572199219887359389336012327
0.500	0.411	-82.178853287292739082658954430372	0.003052379992437278220795970896	-244.155921915186951309806318022311	0.001496461253257066938843200532	20.697257743575260491297740372829	0.003825374547691984088160221944	149.150102614392494615458417683840	0.002284682180427891062812761902	-80.210874088078412569302599877119	0.003618100069061812654180876336	82.178853287292724871804239228368	-0.003052379992437278220795970896	517.986502173909684643149375915527	-0.003052379992437278220795970896
0.500	0.511	-17.443418939611813556211927789263	0.000048000170451766600843417770	43.749883149259680692466645268723	0.000042065063613171016650670031	493.015864133428237892076140269637	0.000038069432458098619097112969	8.793547905159613264913787133992	0.000047030415772643671754992684	-187.497798074609846707971883006394	0.000044767422562128117620190021	17.443418939611820661639285390265	-0.000048000170451766607619681348	-223.900647672095999496377771720290	-0.000048000170451766600843417770
0.500	0.611	-76.537391530417636431593564338982	0.000000254248386120865101871197	-337.859130325094838553923182189465	0.000000341932851908542161284193	388.465471946662660229776520282030	0.000000139374832638554648687302	-301.608475453218886741524329409003	0.000000305821522237029660278989	-8.881012429964423304795673175249	0.000000195970345222536791936105	76.537391530417664853302994742990	-0.000000254248386120865101871197	139.941349763173974452001857571304	-0.000000254248386120865101871197
0.500	0.711	226.488323104542899955049506388605	0.000000000467028348645183912238	169.349235868794011139470967464149	0.000000000885636335339357013204	409.213978747235785249358741566539	0.000000000187714505416519482041	-264.818383177271869044488994404674	0.000000000663864190520397079437	-25.410059073074940272363164694980	0.000000000307137060013095943964	-226.488323104543013641887228004634	-0.000000000467028348645183912238	230.392096902033301830670097842813	-0.000000000467028348645183912238
0.500	0.811	-70.714440397362253065693948883563	0.000000000000302474069253886833	28.933569196304226522897806717083	0.000000000000765526864310356035	-159.527648724414120806613937020302	0.000000000000093007254861891365	290.128564886445758475019829347730	0.000000000000495275044985876551	-31.956379635182493359479849459603	0.000000000000173581113101031952	70.714440397362338330822240095586	-0.000000000000302474069253886783	316.554857949816494055994553491473	-0.000000000000302474069253886833
0.500	0.911	-36.230864517516607747893431223929	0.000000000000000069790561417278	-11.826570645301128337223417474888	0.000000000000000226725419678680	-89.336814609047067392566532362252	0.000000000000000016952796040441	-38.210701749686712958009593421593	0.000000000000000129225707934050	256.625254115481368444307008758187	0.000000000000000035540579314071	36.230864517516664591312292031944	-0.000000000000000069790561417278	-173.232728429296770400469540618360	-0.000000000000000069790561417278
