<<<<<<< HEAD
0.170	0.011	-4377.906314507101342314854264259338	-4375.138257978412184456828981637955	7056.869178148775063164066523313522	6859.947320460295486554969102144241	-14268.846945594250428257510066032410	-14031.093894830581120913848280906677	-1161.631213563918208819814026355743	-1309.256253251411408200510777533054	-183.396805956612382715320563875139	-48.200471186336415030382340773940	4377.906314507101342314854264259338	4375.138257978412184456828981637955	4176.471803977778108674101531505585	4375.138257978412184456828981637955
0.170	0.021	-3973.142943357946023752447217702866	-4166.223325725443828559946268796921	6298.803349955396697623655200004578	6312.447616045093127468135207891464	-14156.260004371068134787492454051971	-13808.382832163695638882927596569061	-2285.353591327433150581782683730125	-2433.471329924111614673165604472160	234.666899599635797812879900448024	-90.558491928566922979371156543493	3973.142943357945114257745444774628	4166.223325725443828559946268796921	4283.263943485985691950190812349319	4166.223325725443828559946268796921
0.170	0.031	-3713.108724599017023138003423810005	-3838.475865898680240206886082887650	5499.752062174312413844745606184006	5465.798438465863910096231848001480	-13346.457273402773353154771029949188	-13453.991924128129539894871413707733	-3160.063143621799554239260032773018	-3438.498947418408988596638664603233	99.712871325453207305145042482764	-130.250657466174146748016937635839	3713.108724599017023138003423810005	3838.475865898679785459535196423531	3407.250574741431137226754799485207	3838.475865898680240206886082887650
0.170	0.041	-3558.182274887370112992357462644577	-3407.806688067261802643770352005959	4261.281797429778634977992624044418	4377.435672508423522231169044971466	-13245.013711243607758660800755023956	-12978.262718210527964401990175247192	-4228.607679117455518280621618032455	-4278.117555005124813760630786418915	93.986360236863305317456251941621	-166.175688071810981227827141992748	3558.182274887370112992357462644577	3407.806688067261802643770352005959	2853.910490253856551134958863258362	3407.806688067261802643770352005959
0.170	0.051	-2789.979624705958030972396954894066	-2894.671650323116409708745777606964	3144.450872044514653680380433797836	3119.555501858515981439268216490746	-12263.401573626377285108901560306549	-12394.785492226375936297699809074402	-5206.082598661547308438457548618317	-4917.204678054240503115579485893250	-19.742044381488298654403479304165	-197.413232083639428537935600616038	2789.979624705958940467098727822304	2894.671650323116409708745777606964	3400.743958413543623464647680521011	2894.671650323116409708745777606964
0.170	0.061	-2262.965000819757733552251011133194	-2322.716860782264575391309335827827	1566.326741302656046173069626092911	1772.981916195340772901545278728008	-11657.866845219927199650555849075317	-11719.754763866551002138294279575348	-5635.271885727604967541992664337158	-5333.736744950922911812085658311844	-271.861369113789521634316770359874	-223.262316657634897865136736072600	2262.965000819757733552251011133194	2322.716860782264575391309335827827	2672.542529448210643749916926026344	2322.716860782264575391309335827827
0.170	0.071	-1842.363131771184498575166799128056	-1717.261612885195290800766088068485	332.866996594828606248483993113041	420.528126750320382143399911001325	-11408.373055912712516146712005138397	-10971.224156384208981762640178203583	-5315.371565021226160752121359109879	-5519.693982014842731587123125791550	-406.797786113573238253593444824219	-243.265490613257668428559554740787	1842.363131771184043827815912663937	1717.261612885195290800766088068485	1914.472965699478208989603444933891	1717.261612885195290800766088068485
0.170	0.081	-1072.528316538683156977640464901924	-1103.743474191949871965334750711918	-523.956265041894880596373695880175	-859.485675571777164805098436772823	-9838.367706380331583204679191112518	-10168.308353932670797803439199924469	-5419.579252672363509191200137138367	-5480.840808668801400926895439624786	-148.932272944032035866257501766086	-257.217666689519717237999429926276	1072.528316538682702230289578437805	1103.743474191949871965334750711918	1676.071458772844380291644483804703	1103.743474191949871965334750711918
0.170	0.091	-330.630136575934102438623085618019	-506.247071875504502713738474994898	-2263.200395566123006574343889951706	-1998.945041850491179502569139003754	-9260.999095862096510245464742183685	-9330.381086836290705832652747631073	-5024.093436180743992736097425222397	-5235.461646625213688821531832218170	-127.382845476416747487746761180460	-265.159897384212229098920943215489	330.630136575934045595204224810004	506.247071875504502713738474994898	510.922105190818399478303035721183	506.247071875504502713738474994898
0.170	0.101	-40.016116096279901626076025422662	53.776240172103371151024475693703	-3497.353757140487232391024008393288	-2944.388215411152941669570282101631	-8446.729987877981329802423715591431	-8476.315473598797325394116342067719	-4781.521875278547668131068348884583	-4812.227204797690319537650793790817	-291.690027523437777290382655337453	-267.359458825063484255224466323853	40.016116096279979785776959033683	-53.776240172103371151024475693703	29.566716190478565806643018731847	-53.776240172103371151024475693703
0.170	0.111	624.598448862029954398167319595814	558.514307186565588381199631839991	-3571.839517913319014041917398571968	-3659.857209983230859506875276565552	-7199.930444856835492828395217657089	-7623.807061822105424653273075819016	-4112.695718866690185677725821733475	-4247.437079472161713056266307830811	-387.372207823221174294303636997938	-264.278567080680602430220460519195	-624.598448862029613337654154747725	-558.514307186565588381199631839991	-843.287715355663522132090292870998	-558.514307186565588381199631839991
0.170	0.121	1109.955918875485394892166368663311	994.472025127063488980638794600964	-4378.916044913500627444591373205185	-4128.014478303687610605265945196152	-6958.136946007351980370003730058670	-6788.811295752887417620513588190079	-3531.764101802739332924829795956612	-3581.924522559680553968064486980438	-522.107070607482796731346752494574	-256.534733694617330002074595540762	-1109.955918875484940144815482199192	-994.472025127063488980638794600964	-1248.939787428764020660310052335262	-994.472025127063488980638794600964
0.170	0.131	1383.920633563828914702753536403179	1352.799927617246112276916392147541	-4030.399555347396471915999427437782	-4349.578170507026698032859712839127	-6109.402901014154849690385162830353	-5985.116830346707502030767500400543	-2542.275532512059271539328619837761	-2857.916325776939174829749390482903	-167.477812590975560169681557454169	-244.856138200375113456175313331187	-1383.920633563828914702753536403179	-1352.799927617246112276916392147541	-1360.788729548424953463836573064327	-1352.799927617246112276916392147541
0.170	0.141	1666.593023494394401495810598134995	1629.283830186241857518325559794903	-4268.661352180230096564628183841705	-4341.297135858294495847076177597046	-5614.066523213371510792057961225510	-5224.065129952358802256640046834946	-2271.979138350346602237550541758537	-2116.116988841183228942099958658218	-353.371785364007507723727030679584	-230.035446953778887291264254599810	-1666.593023494393946748459711670876	-1629.283830186241857518325559794903	-1549.792237534350078931311145424843	-1629.283830186241857518325559794903
0.170	0.151	1857.942508887665781003306619822979	1824.033252358230356549029238522053	-3804.384516516076928382972255349159	-4132.813416393512852664571255445480	-4770.794817938592132122721523046494	-4514.416123986612547014374285936356	-1566.937846638718156100367195904255	-1393.237296277159884994034655392170	-52.883224752951889513497008010745	-212.885265440320353036440792493522	-1857.942508887665781003306619822979	-1824.033252358230356549029238522053	-1701.495139453968477027956396341324	-1824.033252358230356549029238522053
0.170	0.161	1880.747666444294054599595256149769	1940.927247634058176117832772433758	-3796.194616776891052722930908203125	-3762.834063528728620440233498811722	-3833.312545563428102468606084585190	-3862.350204035858041606843471527100	-750.700374014611952588893473148346	-720.121227508006199968804139643908	-389.524398237691627855383558198810	-194.197928477274302849764353595674	-1880.747666444294509346946142613888	-1940.927247634058176117832772433758	-2381.060948009555431781336665153503	-1940.927247634058176117832772433758
0.170	0.171	2114.924086069186614622594788670540	1986.889296267759164038579910993576	-3038.872176254764326586155220866203	-3275.052717804633175546769052743912	-3172.905028463299004215514287352562	-3271.589195449232647661119699478149	-36.833438316566400771989719942212	-120.551060162974849276906752493232	-288.184079264668071118649095296860	-174.711681395613965150914737023413	-2114.924086069186614622594788670540	-1986.889296267759164038579910993576	-1569.019859333659724143217317759991	-1986.889296267759164038579910993576
0.170	0.181	1896.229254145542881815345026552677	1971.067696980756409175228327512741	-2603.326279857826648367336019873619	-2714.229065439786609204020351171494	-2528.495335746328692039242014288902	-2743.613533394996920833364129066467	245.622333227726500126664177514613	389.262260616742253205302404239774	114.731046011378040816452994477004	-155.084565982765354874572949483991	-1896.229254145542199694318696856499	-1971.067696980756409175228327512741	-2526.417006232908079255139455199242	-1971.067696980756409175228327512741
0.170	0.191	1656.799917300976176193216815590858	1903.995025632439137552864849567413	-1785.167835830146714215516112744808	-2122.761522688261720759328454732895	-2547.807972890225755691062659025192	-2277.949871612945116794435307383537	724.552277185294087757938541471958	800.560087073892873377189971506596	-139.535157763089614491036627441645	-135.876577037691362193072563968599	-1656.799917300975948819541372358799	-1903.995025632439137552864849567413	-1550.241108228829034487716853618622	-1903.995025632439137552864849567413
0.170	0.201	2101.140595374017721042037010192871	1796.791063956365633202949538826942	-2297.485829636704693257343024015427	-1537.989546510280888469424098730087	-1852.708044118787256593350321054459	-1872.502664449445546779315918684006	1206.925296517940296325832605361938	1111.393828013352731431950815021992	-29.736159496278251168632777989842	-117.539968350608774017018731683493	-2101.140595374017721042037010192871	-1796.791063956365633202949538826942	-1727.337513524202904591220431029797	-1796.791063956365633202949538826942
0.170	0.211	1538.827070547221865126630291342735	1660.459985331903681071707978844643	-1183.448144947989931097254157066345	-990.352359539429926371667534112930	-1477.479947734807865344919264316559	-1523.904603756857341068098321557045	1669.816160066190377619932405650616	1325.595876023097162033081986010075	116.652575531013098952826112508774	-100.417014229419464754755608737469	-1538.827070547221865126630291342735	-1660.459985331903681071707978844643	-1374.219659446912373823579400777817	-1660.459985331903681071707978844643
0.170	0.221	1554.539652376523918064776808023453	1505.316565815064905109466053545475	-478.256221194053807721502380445600	-502.425130609615791854594135656953	-1273.765482924005482345819473266602	-1227.863735934416808959213085472584	1552.946361636386882310034707188606	1451.512495153853478768724016845226	28.680408135509207312452417681925	-84.744108310027613129022938665003	-1554.539652376523918064776808023453	-1505.316565815064450362115167081356	-1669.337023264306708369986154139042	-1505.316565815064905109466053545475
0.170	0.231	1083.880642139321025751996785402298	1340.559747381272245547734200954437	-506.809229728944387716182973235846	-88.763479107436737081116007175297	-887.892318045608703869220335036516	-979.489128533725192937708925455809	1555.612597085741072078235447406769	1500.643086940215198410442098975182	-7.176753142870106572104305087123	-70.660819127358777791414468083531	-1083.880642139320343630970455706120	-1340.559747381272472921409644186497	-1427.075193185773969162255525588989	-1340.559747381272245547734200954437
0.170	0.241	1148.448407041319796917377971112728	1173.996708513871226386982016265392	376.940487971493155328062130138278	243.579640605131913844161317683756	-44.610574555301489851899532368407	-773.581584043219436352956108748913	1175.771088114373696953407488763332	1486.312454430399384364136494696140	113.916528369793297770229401066899	-58.222417288324166406709991861135	-1148.448407041319796917377971112728	-1173.996708513871226386982016265392	-1333.693639540187632519518956542015	-1173.996708513871226386982016265392
0.170	0.251	1040.122496537551114670350216329098	1011.907952165409710687526967376471	334.784249419619300169870257377625	494.040569211220827128272503614426	-848.412237369088870764244347810745	-604.880633356448925042059272527695	1251.857271407590133094345219433308	1422.475790998806587595026940107346	286.157886780769786128075793385506	-47.414422899266064348466898081824	-1040.122496537551342044025659561157	-1011.907952165409710687526967376471	-1393.340707739860363290063105523586	-1011.907952165409710687526967376471
0.170	0.261	835.811448815369203657610341906548	859.034558612733576410391833633184	951.544137919267427605518605560064	667.224548963783263388904742896557	-400.718929293876442443433916196227	-468.263484390863823136896826326847	1127.583277346572003807523287832737	1322.724710564895303832599893212318	-287.225726096714083723782096058130	-38.167864998855691283097257837653	-835.811448815368748910259455442429	-859.034558612733576410391833633184	-790.920530061674639910052064806223	-859.034558612733576410391833633184
0.170	0.271	798.633212960049490902747493237257	718.662933074294755897426512092352	1097.127514455715754593256860971451	771.458595655104318211670033633709	-528.986510305916226570843718945980	-358.895456417120726655411999672651	1440.536537809882702276809141039848	1199.530921439065650702104903757572	350.869876033225750688870903104544	-30.374162970073570022577769123018	-798.633212960049263529072050005198	-718.662933074294755897426512092352	-476.671889899544339641579426825047	-718.662933074294755897426512092352
0.170	0.281	563.395054482976775034330785274506	592.779940866035303770331665873528	1096.215060502720916701946407556534	817.371716030916331874323077499866	-19.106736789399874965056369546801	-272.334513120768633598345331847668	864.430397368041212757816538214684	1063.735529199214852269506081938744	63.446781947999085105038830079138	-23.898798678930795347241655690596	-563.395054482977002408006228506565	-592.779940866035417457169387489557	-574.306675258154996299708727747202	-592.779940866035303770331665873528
0.170	0.291	503.226969205776583748956909403205	482.271781466343611555203096941113	1084.796383900042883396963588893414	816.619903182548910081095527857542	-49.977152721917306621435272973031	-204.594738739730047427656245417893	969.414335211517254720092751085758	924.268774778428337413060944527388	-295.405133552562233489879872649908	-18.593216149234034872961274231784	-503.226969205776867966051213443279	-482.271781466343725242040818557143	-547.078733882742653804598376154900	-482.271781466343611555203096941113
0.170	0.301	491.906947551439316157484427094460	387.142624709618587530712829902768	983.510435715605922268878202885389	780.832695779111986666976008564234	-139.312967220836270598738337866962	-152.174994513684396224562078714371	790.072480410771618153376039117575	788.068490843104882515035569667816	53.774821555400812655989284394309	-14.304637546037373141416537691839	-491.906947551439316157484427094460	-387.142624709618587530712829902768	-345.260610314692769406974548473954	-387.142624709618587530712829902768
0.170	0.311	291.327161707963966819079359993339	306.733157879031011816550744697452	1203.540616313253849511966109275818	720.818921011504016860271804034710	-219.921092796652203560370253399014	-112.059629775682623176180641166866	599.378877125186818375368602573872	660.155888734585118982067797333002	1.013976195704222149629458726849	-10.883701947033763701710995519534	-291.327161707964023662498220801353	-306.733157879031011816550744697452	-602.382730398917260572488885372877	-306.733157879031011816550744697452
0.170	0.321	209.916097008494574538417509756982	239.924037847014517410570988431573	18.407379190004284907900000689551	646.035586621903348714113235473633	-104.225914782700314731300750281662	-81.698132070246600733298691920936	262.167571014195061707141576334834	543.823852846750014577992260456085	-78.609252829729186373697302769870	-8.190006135340727411175976158120	-209.916097008494659803545800969005	-239.924037847014488988861558027565	254.373635429119843820444657467306	-239.924037847014517410570988431573
0.170	0.331	320.944081670248067439388250932097	185.314175326164132684425567276776	298.583722944812109290069201961160	564.298148846997378313972149044275	142.243510006301534076555981300771	-58.970135531785437876806099666283	721.646772799281848165264818817377	440.894554965526594969560392200947	157.819382344196185385953867807984	-6.095750561984851323416023660684	-320.944081670248067439388250932097	-185.314175326164104262716136872768	-453.641586864636167319986270740628	-185.314175326164132684425567276776
0.170	0.341	-56.354945578533737204907083651051	141.368313625721668813639553263783	322.217665798914367769611999392509	481.693426026600775458064163103700	-238.546364071310733834252459928393	-42.141421404118339921751612564549	276.628665637312110447965096682310	352.008468295031377692794194445014	171.018217609300108961178921163082	-4.487770368036212431661624577828	56.354945578533538252941070822999	-141.368313625721697235348983667791	314.913309637394604578730650246143	-141.368313625721668813639553263783
0.170	0.351	18.674284780922285165161156328395	106.532180913315642101224511861801	525.349511824381238511705305427313	402.647853800506709376350045204163	118.678002942590254065180488396436	-29.815581867830925233420202857815	201.739558172149003212325624190271	276.914285249843544534087413921952	166.821524918197127362873288802803	-3.268266582706476075514956391999	-18.674284780922356219434732338414	-106.532180913315670522933942265809	-33.571450028068724691365787293762	-106.532180913315642101224511861801
0.170	0.361	189.402683560862783451739232987165	79.316428756037751668372948188335	846.796409406044290335557889193296	330.102301685596273728151572868228	2.203835243986438374719227795140	-20.884998754798193232318226364441	194.604282175513873198724468238652	214.737499006524046762933721765876	-321.964267977940551190840778872371	-2.354554369545510450478786879103	-189.402683560862698186610941775143	-79.316428756037751668372948188335	-509.439634621418747428833739832044	-79.316428756037751668372948188335
0.170	0.371	174.869933835595276150343124754727	58.352589935945111676574015291408	870.861714123207661941705737262964	265.748517121763882187224226072431	-123.850692915207986288805841468275	-14.483805139714785781279715592973	145.803491148649953856875072233379	164.213436327606842723980662412941	-134.068472730972274575833580456674	-1.678122462262210179417820654635	-174.869933835595389837180846370757	-58.352589935945111676574015291408	-204.921563639407452228624606505036	-58.352589935945111676574015291408
0.170	0.381	122.292335495111629484199511352926	42.425464869850024740571825532243	141.286770933215706236296682618558	210.289523286715109406941337510943	72.808001860419480522068624850363	-9.944614400258249276021160767414	3.159123969016309096957684232621	123.877586017921387906426389236003	-198.021633745150325012218672782183	-1.183259476903750551102234567225	-122.292335495111572640780650544912	-42.425464869850024740571825532243	308.661138388881113314710091799498	-42.425464869850024740571825532243
0.170	0.391	78.372930283896977243784931488335	30.486812834601391131172931636684	226.530226825018928593635791912675	163.695205285443478260276606306434	464.350966651985231692378874868155	-6.760055758551633431352456682362	-324.128801968159564239613246172667	92.211726821553284594301658216864	-147.359400542894007912764209322631	-0.825456331765757389540283384122	-78.372930283897062508913222700357	-30.486812834601384025745574035682	-432.834439810423532435379456728697	-30.486812834601391131172931636684
=======
0.170	0.011	-4382.113082623273839999455958604813	-4375.138257978412184456828981637955	146606.115915112255606800317764282227	6859.947320460295486554969102144241	-687494.613155722268857061862945556641	-14031.093894830581120913848280906677	-1375.210580691007180575979873538017	-1309.256253251411408200510777533054	-51498.815513013803865760564804077148	-48.200471186336415030382340773940	4382.113082623273839999455958604813	4375.138257978412184456828981637955	679005.941196968778967857360839843750	-4375.138257978412184456828981637955
0.170	0.021	-3991.209319947745825629681348800659	-4166.223325725443828559946268796921	130991.353036852975492365658283233643	6312.447616045093127468135207891464	-662883.788660382037051022052764892578	-13808.382832163695638882927596569061	-2396.700239149621666001621633768082	-2433.471329924111614673165604472160	-96291.429008681996492668986320495605	-90.558491928566922979371156543493	3991.209319947746280377032235264778	4166.223325725443828559946268796921	652691.506574103608727455139160156250	-4166.223325725443828559946268796921
0.170	0.031	-3715.738361679788795299828052520752	-3838.475865898680240206886082887650	107441.239412667418946512043476104736	5465.798438465863910096231848001480	-627454.691443773568607866764068603516	-13453.991924128129539894871413707733	-3560.829492178280816006008535623550	-3438.498947418408988596638664603233	-136525.663173880398971959948539733887	-130.250657466174146748016937635839	3715.738361679788795299828052520752	3838.475865898679785459535196423531	619109.421538603841327130794525146484	-3838.475865898680240206886082887650
0.170	0.041	-3498.658719642940923222340643405914	-3407.806688067261802643770352005959	80846.621092149507603608071804046631	4377.435672508423522231169044971466	-589441.401426222291775047779083251953	-12978.262718210527964401990175247192	-4096.578365979009504371788352727890	-4278.117555005124813760630786418915	-166976.536010900104884058237075805664	-166.175688071810981227827141992748	3498.658719642940923222340643405914	3407.806688067261802643770352005959	579040.378278045216575264930725097656	-3407.806688067261802643770352005959
0.170	0.051	-2957.963330682562173024052754044533	-2894.671650323116409708745777606964	57009.351878473615215625613927841187	3119.555501858515981439268216490746	-533276.269240666530095040798187255859	-12394.785492226375936297699809074402	-4706.448122242190947872586548328400	-4917.204678054240503115579485893250	-189082.021632540738210082054138183594	-197.413232083639428537935600616038	2957.963330682562173024052754044533	2894.671650323116409708745777606964	524066.759028808970469981431961059570	-2894.671650323116409708745777606964
0.170	0.061	-2236.987835570699644449632614850998	-2322.716860782264575391309335827827	30316.276957818503433372825384140015	1772.981916195340772901545278728008	-480346.192904468451160937547683715820	-11719.754763866551002138294279575348	-5297.882829559704987332224845886230	-5333.736744950922911812085658311844	-200530.463530987472040578722953796387	-223.262316657634897865136736072600	2236.987835570699644449632614850998	2322.716860782264575391309335827827	470848.879336577141657471656799316406	-2322.716860782264575391309335827827
0.170	0.071	-1582.410703442961221298901364207268	-1717.261612885195290800766088068485	-270.939882519808065808319952338934	420.528126750320382143399911001325	-419645.789688293240033090114593505859	-10971.224156384208981762640178203583	-5499.666715496490724035538733005524	-5519.693982014842731587123125791550	-205964.685397370485588908195495605469	-243.265490613257668428559554740787	1582.410703442960993925225920975208	1717.261612885195290800766088068485	409862.149731299898121505975723266602	-1717.261612885195290800766088068485
0.170	0.081	-1138.247873057826154763461090624332	-1103.743474191949871965334750711918	-26309.909685095466556958854198455811	-859.485675571777164805098436772823	-360302.717247902881354093551635742188	-10168.308353932670797803439199924469	-5473.947773289904944249428808689117	-5480.840808668801400926895439624786	-199700.662643302290234714746475219727	-257.217666689519717237999429926276	1138.247873057825927389785647392273	1103.743474191949871965334750711918	352008.989344066067133098840713500977	-1103.743474191949871965334750711918
0.170	0.091	-501.776160656518698033323744311929	-506.247071875504502713738474994898	-39727.006220868817763403058052062988	-1998.945041850491179502569139003754	-305257.915939418715424835681915283203	-9330.381086836290705832652747631073	-5139.601521421634060970973223447800	-5235.461646625213688821531832218170	-193956.572260374057805165648460388184	-265.159897384212229098920943215489	501.776160656518413816229440271854	506.247071875504502713738474994898	296714.700041140662506222724914550781	-506.247071875504502713738474994898
0.170	0.101	-58.903159414221441636527742957696	53.776240172103371151024475693703	-56342.120379687963577453047037124634	-2944.388215411152941669570282101631	-250979.429551167500903829932212829590	-8476.315473598797325394116342067719	-4669.560921430268535914365202188492	-4812.227204797690319537650793790817	-178238.224122528481530025601387023926	-267.359458825063484255224466323853	58.903159414221448741955100558698	-53.776240172103371151024475693703	242613.481224976072553545236587524414	53.776240172103371151024475693703
0.170	0.111	783.058973812910039669077377766371	558.514307186565588381199631839991	-63307.001844213118602056056261062622	-3659.857209983230859506875276565552	-197278.301047371351160109043121337891	-7623.807061822105424653273075819016	-4396.809572407752966682892292737961	-4247.437079472161713056266307830811	-157317.674032053269911557435989379883	-264.278567080680602430220460519195	-783.058973812909812295401934534311	-558.514307186565588381199631839991	189950.233739123475970700383186340332	558.514307186565588381199631839991
0.170	0.121	1046.406987886928163788979873061180	994.472025127063488980638794600964	-70599.408501778336358256638050079346	-4128.014478303687610605265945196152	-160016.606300314422696828842163085938	-6788.811295752887417620513588190079	-3734.902592880941028852248564362526	-3581.924522559680553968064486980438	-135481.654588920850073918700218200684	-256.534733694617330002074595540762	-1046.406987886928391162655316293240	-994.472025127063488980638794600964	152480.110351807030383497476577758789	994.472025127063488980638794600964
0.170	0.131	1236.375021336534928195760585367680	1352.799927617246112276916392147541	-66348.247991774434922263026237487793	-4349.578170507026698032859712839127	-130353.306015219088294543325901031494	-5985.116830346707502030767500400543	-3463.658298832732270966516807675362	-2857.916325776939174829749390482903	-108625.808119571607676334679126739502	-244.856138200375113456175313331187	-1236.375021336535837690462358295918	-1352.799927617246112276916392147541	122819.727224743895931169390678405762	1352.799927617246112276916392147541
0.170	0.141	1753.072643193957674156990833580494	1629.283830186241857518325559794903	-61252.429479968501254916191101074219	-4341.297135858294495847076177597046	-90444.113983930306858383119106292725	-5224.065129952358802256640046834946	-1967.716083118028564058477059006691	-2116.116988841183228942099958658218	-93485.914464235363993793725967407227	-230.035446953778887291264254599810	-1753.072643193957901530666276812553	-1629.283830186241857518325559794903	83802.133492185239447280764579772949	1629.283830186241857518325559794903
0.170	0.151	2120.503414724246795231010764837265	1824.033252358230356549029238522053	-54162.339236021281976718455553054810	-4132.813416393512852664571255445480	-76757.378603768927860073745250701904	-4514.416123986612547014374285936356	-1162.992672417931316886097192764282	-1393.237296277159884994034655392170	-73453.779308873650734312832355499268	-212.885265440320353036440792493522	-2120.503414724247249978361651301384	-1824.033252358230356549029238522053	70392.277125222317408770322799682617	1824.033252358230356549029238522053
0.170	0.161	1853.680893507842711187549866735935	1940.927247634058176117832772433758	-47011.713404437563440296798944473267	-3762.834063528728620440233498811722	-56746.848375235116691328585147857666	-3862.350204035858041606843471527100	-603.018200162709035794250667095184	-720.121227508006199968804139643908	-58201.367279599129687994718551635742	-194.197928477274302849764353595674	-1853.680893507842029066523537039757	-1940.927247634058176117832772433758	50835.203197220107540488243103027344	1940.927247634058176117832772433758
0.170	0.171	1856.133782051218304331996478140354	1986.889296267759164038579910993576	-39709.742303612234536558389663696289	-3275.052717804633175546769052743912	-38880.884718588844407349824905395508	-3271.589195449232647661119699478149	-136.171835434976372880555572919548	-120.551060162974849276906752493232	-44304.323074821826594416052103042603	-174.711681395613965150914737023413	-1856.133782051217849584645591676235	-1986.889296267759164038579910993576	34080.204394226180738769471645355225	1986.889296267759164038579910993576
0.170	0.181	1965.644878617661788666737265884876	1971.067696980756409175228327512741	-31851.510015215193561743944883346558	-2714.229065439786609204020351171494	-26462.582009117664711084216833114624	-2743.613533394996920833364129066467	528.167271583031265436147805303335	389.262260616742253205302404239774	-32160.587217743654036894440650939941	-155.084565982765354874572949483991	-1965.644878617661333919386379420757	-1971.067696980756409175228327512741	21464.554979078002361347898840904236	1971.067696980756409175228327512741
0.170	0.191	1826.985323059444453974720090627670	1903.995025632439137552864849567413	-25516.773766854836139827966690063477	-2122.761522688261720759328454732895	-23347.436738040341879241168498992920	-2277.949871612945116794435307383537	631.352316043304199411068111658096	800.560087073892873377189971506596	-24322.996886923006968572735786437988	-135.876577037691362193072563968599	-1826.985323059444908722070977091789	-1903.995025632439137552864849567413	18477.693191776786989066749811172485	1903.995025632439137552864849567413
0.170	0.201	1799.926046316121073687099851667881	1796.791063956365633202949538826942	-22712.727504981558013241738080978394	-1537.989546510280888469424098730087	-13916.638216443841884029097855091095	-1872.502664449445546779315918684006	942.124713701942141597100999206305	1111.393828013352731431950815021992	-15526.314904977210971992462873458862	-117.539968350608774017018731683493	-1799.926046316121983181801624596119	-1796.791063956365633202949538826942	10820.419506848620585515163838863373	1796.791063956365633202949538826942
0.170	0.211	1666.554052816286912275245413184166	1660.459985331903681071707978844643	-11536.065692480755387805402278900146	-990.352359539429926371667534112930	-9261.693094123806076822802424430847	-1523.904603756857341068098321557045	1336.658745799341659221681766211987	1325.595876023097162033081986010075	-12434.848911715418580570258200168610	-100.417014229419464754755608737469	-1666.554052816286912275245413184166	-1660.459985331903681071707978844643	6396.508805837611362221650779247284	1660.459985331903681071707978844643
0.170	0.221	1684.622782617280563499662093818188	1505.316565815064905109466053545475	-6213.514058006083359941840171813965	-502.425130609615791854594135656953	-3020.586909672409547056304290890694	-1227.863735934416808959213085472584	1588.289306020781396000529639422894	1451.512495153853478768724016845226	-9712.510113582618942018598318099976	-84.744108310027613129022938665003	-1684.622782617280563499662093818188	-1505.316565815064450362115167081356	-94.344945681132671211344131734222	1505.316565815064905109466053545475
0.170	0.231	1379.306738277536396708455868065357	1340.559747381272245547734200954437	-708.487969476425064385693985968828	-88.763479107436737081116007175297	-2416.893099833385349484160542488098	-979.489128533725192937708925455809	1720.929140173031100857770070433617	1500.643086940215198410442098975182	-5521.451568637400669103953987360001	-70.660819127358777791414468083531	-1379.306738277536396708455868065357	-1340.559747381272472921409644186497	562.682102501243775805050972849131	1340.559747381272245547734200954437
0.170	0.241	951.432290204661853749712463468313	1173.996708513871226386982016265392	-5401.224460429820283025037497282028	243.579640605131913844161317683756	-4252.221048873801009904127568006516	-773.581584043219436352956108748913	1728.322846350047029773122631013393	1486.312454430399384364136494696140	-1816.841246767527309202705509960651	-58.222417288324166406709991861135	-951.432290204661740062874741852283	-1173.996708513871226386982016265392	2733.058525877989268337842077016830	1173.996708513871226386982016265392
0.170	0.251	905.741582739204886820516549050808	1011.907952165409710687526967376471	-4791.882429736462654545903205871582	494.040569211220827128272503614426	-1618.771915145943239622283726930618	-604.880633356448925042059272527695	1041.150805628388980039744637906551	1422.475790998806587595026940107346	-2255.367093260887486394494771957397	-47.414422899266064348466898081824	-905.741582739204318386327940970659	-1011.907952165409710687526967376471	79.262714505886819438273960258812	1011.907952165409710687526967376471
0.170	0.261	780.564578541588161897379904985428	859.034558612733576410391833633184	347.518508776064550147566478699446	667.224548963783263388904742896557	-729.831008243524934187007602304220	-468.263484390863823136896826326847	1032.945814870922959016752429306507	1322.724710564895303832599893212318	1139.503999712673476096824742853642	-38.167864998855691283097257837653	-780.564578541587934523704461753368	-859.034558612733576410391833633184	-534.326255703241031369543634355068	859.034558612733576410391833633184
0.170	0.271	502.145791544169924236484803259373	718.662933074294755897426512092352	1957.353473500167183374287560582161	771.458595655104318211670033633709	-2476.395516640231562632834538817406	-358.895456417120726655411999672651	1311.187160757290030232979916036129	1199.530921439065650702104903757572	-842.991112337057302283938042819500	-30.374162970073570022577769123018	-502.145791544169753706228220835328	-718.662933074294755897426512092352	977.952018448204171363613568246365	718.662933074294755897426512092352
0.170	0.281	592.943185836546604150498751550913	592.779940866035303770331665873528	2129.711354532813857076689600944519	817.371716030916331874323077499866	2004.188240621056365853291936218739	-272.334513120768633598345331847668	1196.840530657297222205670550465584	1063.735529199214852269506081938744	-1648.205992171785965183516964316368	-23.898798678930795347241655690596	-592.943185836546604150498751550913	-592.779940866035417457169387489557	-2908.911405190578989277128130197525	592.779940866035303770331665873528
0.170	0.291	497.934555258466389204841107130051	482.271781466343611555203096941113	887.767531829574522816983517259359	816.619903182548910081095527857542	3719.233938552720701409270986914635	-204.594738739730047427656245417893	630.527397352131970365007873624563	924.268774778428337413060944527388	1877.595104885085220303153619170189	-18.593216149234034872961274231784	-497.934555258466502891678828746080	-482.271781466343725242040818557143	-4990.117225038680771831423044204712	482.271781466343611555203096941113
0.170	0.301	420.599707686750321045110467821360	387.142624709618587530712829902768	-854.205508636480544737423770129681	780.832695779111986666976008564234	-1786.732780393620942049892619252205	-152.174994513684396224562078714371	871.956973930960657526156865060329	788.068490843104882515035569667816	26.597312402505753681225542095490	-14.304637546037373141416537691839	-420.599707686750321045110467821360	-387.142624709618587530712829902768	280.465881010864734435017453506589	387.142624709618587530712829902768
0.170	0.311	308.396950709942984758527018129826	306.733157879031011816550744697452	-1426.638916656829451312660239636898	720.818921011504016860271804034710	-131.577522291323020908748731017113	-112.059629775682623176180641166866	554.240128729521643435873556882143	660.155888734585118982067797333002	-3645.519723440275356551865115761757	-10.883701947033763701710995519534	-308.396950709943098445364739745855	-306.733157879031011816550744697452	-58.614754662335336377054773038253	306.733157879031011816550744697452
0.170	0.321	233.156911991130471051292261108756	239.924037847014517410570988431573	-1069.950511878944098498323000967503	646.035586621903348714113235473633	887.845935112767620012164115905762	-81.698132070246600733298691920936	562.654786915101794875226914882660	543.823852846750014577992260456085	-316.213824838443201770132873207331	-8.190006135340727411175976158120	-233.156911991130527894711121916771	-239.924037847014488988861558027565	-1028.479667216256757455994375050068	239.924037847014517410570988431573
0.170	0.331	251.346859304795287926026503555477	185.314175326164132684425567276776	-2152.420171104784458293579518795013	564.298148846997378313972149044275	3309.077498672680576419224962592125	-58.970135531785437876806099666283	224.857175983613814196360181085765	440.894554965526594969560392200947	-400.312339506023420199198881164193	-6.095750561984851323416023660684	-251.346859304795316347735933959484	-185.314175326164104262716136872768	-3506.927407016272809414658695459366	185.314175326164132684425567276776
0.170	0.341	75.852980508968414596893126145005	141.368313625721668813639553263783	2908.200371591679868288338184356689	481.693426026600775458064163103700	-1200.852437691173918210552074015141	-42.141421404118339921751612564549	675.452215198020667230593971908092	352.008468295031377692794194445014	-1864.923245635254716034978628158569	-4.487770368036212431661624577828	-75.852980508968286699200689326972	-141.368313625721697235348983667791	318.086668116600662870041560381651	141.368313625721668813639553263783
0.170	0.351	-29.780005603909248890204253257252	106.532180913315642101224511861801	-632.336166347768767082015983760357	402.647853800506709376350045204163	-704.095360715448919108894187957048	-29.815581867830925233420202857815	170.679698763153453455743147060275	276.914285249843544534087413921952	-1574.083995083838999562431126832962	-3.268266582706476075514956391999	29.780005603909149414221246843226	-106.532180913315670522933942265809	728.581475311734379829431418329477	106.532180913315642101224511861801
0.170	0.361	-12.948269057158762862513867730740	79.316428756037751668372948188335	2917.824854283307558944215998053551	330.102301685596273728151572868228	1864.890475375818141401396133005619	-20.884998754798193232318226364441	156.178276254249453813827130943537	214.737499006524046762933721765876	1695.353499361773629061644896864891	-2.354554369545510450478786879103	12.948269057158686479169773519970	-79.316428756037751668372948188335	-1989.054390725856592325726523995399	79.316428756037751668372948188335
0.170	0.371	50.052939694196666664538497570902	58.352589935945111676574015291408	-2139.161656384440448164241388440132	265.748517121763882187224226072431	1307.968671295802778331562876701355	-14.483805139714785781279715592973	186.947516683109540736040798947215	164.213436327606842723980662412941	402.704099178102467249118490144610	-1.678122462262210179417820654635	-50.052939694196645348256424767897	-58.352589935945111676574015291408	-1531.420545672953039684216491878033	58.352589935945111676574015291408
0.170	0.381	-119.234205099609894773493579123169	42.425464869850024740571825532243	2646.062909918254263175185769796371	210.289523286715109406941337510943	-3912.682477157222365349298343062401	-9.944614400258249276021160767414	-116.274516077188678764287033118308	123.877586017921387906426389236003	815.260422577994177117943763732910	-1.183259476903750551102234567225	119.234205099609795297510572709143	-42.425464869850024740571825532243	3709.664196971255478274542838335037	42.425464869850024740571825532243
0.170	0.391	-24.543962457207673111270196386613	30.486812834601391131172931636684	1038.250206593871780569315887987614	163.695205285443478260276606306434	-3233.617541095451542787486687302589	-6.760055758551633431352456682362	14.828599824004433216373399773147	92.211726821553284594301658216864	-628.017483615911146443977486342192	-0.825456331765757389540283384122	24.543962457207527450009365566075	-30.486812834601384025745574035682	3013.136405871247461618622764945030	30.486812834601391131172931636684
>>>>>>> 020e341fca979b62d4a47ef1a6ccd06306b7d0c9
