-0.500	0.011	-113.851064626121328160479606594890	-0.878245072353862177294558932772	860.314470078745671344222500920296	0.108441441807105146133416440080	1806.920081121708562932326458394527	17.705956430523759337347655673511	162.568500183631272193451877683401	0.060872374414893459793063357210	2202.100160609691101853968575596809	-0.448205173241291776609074304361	113.851064626121242895351315382868	0.878245072353862177294558932772	-1709.905538038694430724717676639557	0.878245072353862177294558932772
-0.500	0.111	-80.799757136441513694080640561879	0.112113585720689648561609885746	865.976946989891303019248880445957	-0.057854699769338678583263657629	-3256.152966823449787625577300786972	9.620546814320283246502185647842	62.193358580522136946910904953256	0.197479736730867078131623770787	-1579.554722375858318628161214292049	-2.457466037716541151780802465510	80.799757136441542115790070965886	-0.112113585720689676317185501375	3316.599872568676346418214961886406	-0.112113585720689648561609885746
-0.500	0.211	187.683308128514681811793707311153	0.333313078117977001912919376991	-12.102873486229603017250155971851	-0.015655402694596542295668584188	-2416.364383027103031054139137268066	1.923028148812715221183111680148	-329.254924106752241641515865921974	-0.061632066516944444822811988161	-2000.730008409540459979325532913208	-0.933754881463245145489793230809	-187.683308128514539703246555291116	-0.333313078117977001912919376991	2707.625620701453044603113085031509	-0.333313078117977001912919376991
-0.500	0.311	-225.293777330800139679922722280025	0.061572199219887359389336012327	-5689.764131214643384737428277730942	0.011394641886416737378007191239	-2217.250023432740817952435463666916	0.141408997566459054828769126289	123.995915091436657462509174365550	-0.030693194194377240030524589542	-529.408299326526162076334003359079	-0.101205058718589244182162190100	225.293777330800281788469874300063	-0.061572199219887359389336012327	2505.461636906728017493151128292084	-0.061572199219887359389336012327
-0.500	0.411	-63.657160795606429815052251797169	0.003052379992437278220795970896	2665.812879262716705852653831243515	0.001496461253257066938843200532	2100.505576918409587960923090577126	0.003825374547691984088160221944	138.751489327710856969133601523936	-0.002284682180427891062812761902	125.575884848894688161635713186115	-0.003618100069061812654180876336	63.657160795606358760778675787151	-0.003052379992437278220795970896	-2551.322776344286467065103352069855	-0.003052379992437278220795970896
-0.500	0.511	-78.337557179836025511576735880226	0.000048000170451766600843417770	-1983.525542697585706264362670481205	0.000042065063613171016650670031	-1526.616657732277190007152967154980	0.000038069432458098619097112969	-112.657985798934547005956119392067	-0.000047030415772643671754992684	693.148148842677755965269170701504	-0.000044767422562128117620190021	78.337557179835968668157875072211	-0.000048000170451766607619681348	1617.456000464012959128012880682945	-0.000048000170451766600843417770
-0.500	0.611	32.710980051832081016982556320727	0.000000254248386120865101871197	-706.346664177954153274185955524445	0.000000341932851908542161284193	4413.088236077649526123423129320145	0.000000139374832638554648687302	-21.236015036184024751264587393962	-0.000000305821522237029660278989	1256.854224298966300921165384352207	-0.000000195970345222536791936105	-32.710980051832223125529708340764	-0.000000254248386120865101871197	-4565.966453756149348919279873371124	-0.000000254248386120865101871197
-0.500	0.711	58.204049429209376853577850852162	0.000000000467028348645183912238	-3683.294313732797490956727415323257	0.000000000885636335339357013204	-1010.993413120150535178254358470440	0.000000000187714505416519482041	8.152630595262724710892143775709	-0.000000000663864190520397079437	783.306577649384053074754774570465	-0.000000000307137060013095943964	-58.204049429209135269047692418098	-0.000000000467028348645183912238	1351.526053062860682985046878457069	-0.000000000467028348645183912238
-0.500	0.811	-99.283980693154305185998964589089	0.000000000000302474069253886833	163.689807575425589902806677855551	0.000000000000765526864310356035	5701.815487188458064338192343711853	0.000000000000093007254861891365	206.176695125583989920414751395583	-0.000000000000495275044985876551	-1058.775978364995580704999156296253	-0.000000000000173581113101031952	99.283980693154333607708394993097	-0.000000000000302474069253886783	-6003.696352624549035681411623954773	-0.000000000000302474069253886833
-0.500	0.911	-9.787947040556687738899199757725	0.000000000000000069790561417278	-3216.316383819302700430853292346001	0.000000000000000226725419678680	642.861260047627069980080705136061	0.000000000000000016952796040441	-28.758546296076161752353073097765	-0.000000000000000129225707934050	251.509869798223633097222773358226	-0.000000000000000035540579314071	9.787947040556870703653657983523	-0.000000000000000069790561417278	-680.824653275451623812841717153788	-0.000000000000000069790561417278
-0.400	0.011	71.193308120138127037535014096648	-49.410688745071020377963577629998	-1382.709296170230800271383486688137	9.761587505568044775827729608864	-194.001067472514506562220049090683	543.505905823570401480537839233875	-225.242892122233655527452356182039	4.383645216223975182856520405039	-550.281560813725832304044160991907	-19.072722584728964534406259190291	-71.193308120138070194116153288633	49.410688745071006167108862427995	748.104325481371802197827491909266	49.410688745071020377963577629998
-0.400	0.111	-37.451415830748430835228646174073	6.307589603994768978623142174911	2923.752536156357109575765207409859	-5.207914105488828049317362456350	-220.209105806812630135027575306594	295.314406276360386982560157775879	250.152246156506095076110796071589	14.221247512395954970543243689463	1688.263867528471791956690140068531	-104.573911228659611083458003122360	37.451415830748494784074864583090	-6.307589603994768978623142174911	458.752521148412313323206035420299	-6.307589603994768978623142174911
-0.400	0.211	196.398641578712471300605102442205	18.752429448204388506837858585641	-4350.290167391525756102055311203003	-1.409254439922040358368349188822	-1124.041348436622456574696116149426	59.029692072599594609982887050137	-56.240844592593283834958128863946	-4.438353459182625471157734864391	-1812.727104511452125734649598598480	-39.734587817212428717539296485484	-196.398641578712783939408836886287	-18.752429448204388506837858585641	2001.800804995533781038830056786537	-18.752429448204388506837858585641
-0.400	0.311	-2.348899054175135336919311157544	3.464095463524049289816275631892	-3918.472834606470769358566030859947	1.025712974811999078639246363309	-2406.784935066142224968643859028816	4.340721475032346177158615319058	-117.579276225768012409389484673738	-2.210330633462132432498492562445	1074.809752714130809181369841098785	-4.306634827866446357802487909794	2.348899054175122458332225505728	-3.464095463524048845727065781830	2696.888290937137753644492477178574	-3.464095463524049289816275631892
-0.400	0.411	72.774330587259200342487019952387	0.171729056598945162281921739122	2326.675641918269320740364491939545	0.134707149120584818158263828991	1367.507412252863787216483615338802	0.117424532632054393066489694775	-102.452107234004401448146381881088	-0.164528428652431918388643339313	-3357.727546645493021060246974229813	-0.153963012970077667285195843760	-72.774330587259271396760595962405	-0.171729056598945190037497354751	-1591.628113413671371745294891297817	-0.171729056598945162281921739122
-0.400	0.511	107.339326388434344039524148683995	0.002700523528752555007387270436	-2653.900685757877454307163134217262	0.003786576354431604556072255008	-868.553826488719096232671290636063	0.001168587613638224012579946987	136.271374857927668244883534498513	-0.003386834489379346099791057156	-3444.154164262106860405765473842621	-0.001905012887705207283439712285	-107.339326388434272985250572673976	-0.002700523528752555007387270436	1152.614568284387814856017939746380	-0.002700523528752555007387270436
-0.400	0.611	15.955371451685749661919544450939	0.000014304193972742354005176814	2799.781959872360403096536174416542	0.000030779814426213234694433563	-1562.473529446252769048442132771015	0.000004278280304114919391526503	-356.787980465805276253377087414265	-0.000022023340897389000864713127	-1271.107299393588846214697696268559	-0.000008339234467628171823734042	-15.955371451685778083628974854946	-0.000014304193972742354005176814	2078.063388944477992481552064418793	-0.000014304193972742354005176814
-0.400	0.711	23.003082445960405522100700181909	0.000000026275345113161936959159	-1694.782816080161182981100864708424	0.000000079722442282755287149831	4540.428281779970347997732460498810	0.000000005762125457777973542753	329.385020218110639689257368445396	-0.000000047807320003031043182330	1437.885346416930133273126557469368	-0.000000013069773154905962110321	-23.003082445960249202698832959868	-0.000000026275345113161936959159	-5198.649029020819398283492773771286	-0.000000026275345113161936959159
-0.400	0.811	157.731895392676847222901415079832	0.000000000017017405004393790580	-2160.792821275470942055108025670052	0.000000000068910532258701571378	1290.889198976635952931246720254421	0.000000000002854971009345268126	-176.901906672092650296690408140421	-0.000000000035666591003492138002	3250.255130103957071696640923619270	-0.000000000007386493092399300424	-157.731895392676818801191984675825	-0.000000000017017405004393790580	-788.757466179104653747344855219126	-0.000000000017017405004393790580
-0.400	0.911	-58.579951472536777146160602569580	0.000000000000003926466331647611	-2884.302324219604543031891807913780	0.000000000000020409171872381509	-3136.076520895071553240995854139328	0.000000000000000520386729988670	-246.030998831592455644567962735891	-0.000000000000009306022014801768	2206.048487649242360930657014250755	-0.000000000000001512377924725355	58.579951472536848200434178579599	-0.000000000000003926466331647611	4069.660919564014875504653900861740	-0.000000000000003926466331647611
-0.300	0.011	-867.897512780638749063655268400908	-872.670554337759085683501325547695	2735.078967107388962176628410816193	323.259382081209707848756806924939	-3584.344918306424460752168670296669	3312.597002496810546290362253785133	-117.282753471380303267324052285403	108.874794421362352636606374289840	-3626.675297375251375342486426234245	-218.631402164789363951058476231992	867.897512780638635376817546784878	872.670554337759085683501325547695	8012.129646049581424449570477008820	872.670554337759085683501325547695
-0.300	0.111	55.163774701215416484956222120672	111.401962936659003844397375360131	-3537.040937219569059379864484071732	-172.462429365311237461355631239712	-1282.990597577178277788334526121616	1799.902460200224140862701460719109	572.028885081469070428283885121346	353.207279092065277836809400469065	-1032.229637430755701643647626042366	-1198.735038493348611154942773282528	-55.163774701215487539229798130691	-111.401962936659003844397375360131	2686.830317610393649374600499868393	-111.401962936659003844397375360131
-0.300	0.211	328.309068642081740563298808410764	331.197427467082036400825018063188	-1780.615059740587412306922487914562	-46.668097702812119109694322105497	-3542.298933506553566985530778765678	359.778208337405771999328862875700	34.310839805711822236844454891980	-110.233560564943473991661448962986	1326.163955452150048586190678179264	-455.479211755155517948878696188331	-328.309068642081626876461086794734	-331.197427467082036400825018063188	3051.156088216559510328806936740875	-331.197427467082036400825018063188
-0.300	0.311	171.257740287827289193955948576331	61.181379681415904769892222248018	-1592.678007823711368473595939576626	33.966948740794201455628353869542	-2116.606506488392369647044688463211	26.456126405981230220731958979741	-23.953014142770999939102694042958	-54.897073428930994509755691979080	-2563.890675677042963798157870769501	-49.367131873560950339197006542236	-171.257740287827147085408796556294	-61.181379681415904769892222248018	1583.995002362393734074430540204048	-61.181379681415904769892222248018
-0.300	0.411	-40.070555755894901039937394671142	3.033005505980742366745062099653	-2333.524926211883666837820783257484	4.460888125195104692011227598414	-977.924671324560790708346758037806	0.715687080211412696151285217638	3.258054311608379105535959752160	-4.086324956159037569136671663728	418.646852607057439854543190449476	-1.764884339801342738596190429234	40.070555755894929461646825075150	-3.033005505980742366745062099653	1232.889573413348898611729964613914	-3.033005505980742366745062099653
-0.300	0.511	-82.262512994934951393588562496006	0.047695497162519015499348995490	-1382.871199326499208837049081921577	0.125394187353099650916732343831	-906.217156303063234190631192177534	0.007122387787538536109421816178	92.863940723457076842350943479687	-0.084117416118812682324090701513	-2536.975596580012279446236789226532	-0.021837240956593145790876064893	82.262512994935107712990429718047	-0.047695497162519015499348995490	529.575500474634964120923541486263	-0.047695497162519015499348995490
-0.300	0.611	29.128017141370097675689976313151	0.000252634585766487406149199968	1384.142510516711809032130986452103	0.001019287465928725303423996174	-2237.573548107440274179680272936821	0.000026075555682834982015264741	48.478304599347893599770031869411	-0.000546984665593040026917992513	-1372.868539856464849435724318027496	-0.000095592987133272992825855363	-29.128017141370182940818267525174	-0.000252634585766487406149199968	2343.226371918266067950753495097160	-0.000252634585766487406149199968
-0.300	0.711	120.262067058038851996570883784443	0.000000464063962022923371786282	-1719.353167111201173611334525048733	0.000002640044707444222402099388	-2923.261952167060371721163392066956	0.000000035119396707424393411468	-7.315837233507458847725501982495	-0.000001187370756625661799836969	-420.972497343552959137014113366604	-0.000000149819346353872376676820	-120.262067058038809364006738178432	-0.000000464063962022923371786282	2813.330834720150505745550617575645	-0.000000464063962022923371786282
-0.300	0.811	244.612000031137654332269448786974	0.000000000300554164205128860847	-2556.261931944643038150388747453690	0.000000002282003420460964711190	342.782481312455729494104161858559	0.000000000017400672755233111275	-159.921630399688609713848563842475	-0.000000000885836460679860016496	3222.976822118129803129704669117928	-0.000000000084671673626964265677	-244.612000031137313271756283938885	-0.000000000300554164205128860847	77.027628886748857439670246094465	-0.000000000300554164205128860847
-0.300	0.911	-126.627712456700933785214147064835	0.000000000000069347577158986285	2315.505891640931622532662004232407	0.000000000000675858950656544329	5249.323796926712930144276469945908	0.000000000000003171688666910578	-698.604356022765841771615669131279	-0.000000000000231129843718275782	1462.542399885506256396183744072914	-0.000000000000017336450253333211	126.627712456700834309231140650809	-0.000000000000069347577158986285	-2933.588394833871006994741037487984	-0.000000000000069347577158986285
-0.200	0.011	-3925.371303487310342461569234728813	-3986.738909213813258247682824730873	46218.219694493309361860156059265137	3938.105469945072854898171499371529	-330093.339467092300765216350555419922	-6725.948829526962072122842073440552	727.763427418582750760833732783794	884.244350340718938241479918360710	19141.092802624167234171181917190552	-295.941748499186473964073229581118	3925.371303487311251956271007657051	3986.738909213812348752981051802635	326434.252618549042381346225738525391	3986.738909213813258247682824730873
-0.200	0.111	520.713340776220661609841044992208	508.932652757385653785604517906904	-17295.686846506960137048736214637756	-2101.022504191154439467936754226685	-101731.407700163312256336212158203125	-3654.550141874091877980390563607216	2912.665765387294413812924176454544	2868.630362943729778635315597057343	59581.196612920044572092592716217041	-1622.620262992097877940977923572063	-520.713340776220661609841044992208	-508.932652757385653785604517906904	97051.556783285588608123362064361572	-508.932652757385653785604517906904
-0.200	0.211	1368.916330678775011620018631219864	1513.053997469344267301494255661964	-8291.098624338086665375158190727234	-568.533818422027820815856102854013	-4076.860088256631570402532815933228	-730.499308377192505759012419730425	-977.478024628328512335428968071938	-895.279790566175620369904208928347	3673.147125558273273782106116414070	-616.541416270350964623503386974335	-1368.916330678775238993694074451923	-1513.053997469344267301494255661964	2398.477297088232717214850708842278	-1513.053997469344267301494255661964
-0.200	0.311	251.625324951626083702649339102209	279.503170678633352963515790179372	326.425139317915409264969639480114	413.802147898249756963195977732539	1542.018563105289103987161070108414	-53.716933360745620973375480389223	-621.606439615882777616207022219896	-445.855510338831265926273772493005	1352.522960918935268637142144143581	-66.823865100767605440523766446859	-251.625324951625884750683326274157	-279.503170678633352963515790179372	-2082.104507382718111330177634954453	-279.503170678633352963515790179372
-0.200	0.411	-3.367943816309465709935011545895	13.856089222271569028066551254597	-683.368477398403342704114038497210	54.344742644563297062632045708597	566.910733217237066128291189670563	-1.453142255404840987864645285299	-286.206407052695567472255788743496	-33.187752733252978032396640628576	1732.830580558138990454608574509621	-2.388965867885560978578496360569	3.367943816309485693949454798712	-13.856089222271569028066551254597	-12.124068267064052051296130230185	-13.856089222271569028066551254597
-0.200	0.511	95.957379109887341428475338034332	0.217893789800676668244605593827	561.478449731034856995393056422472	1.527613930136456410480150225339	-803.349872519489053956931456923485	-0.014461407701246055054755679237	-14.181043611898887846223260567058	-0.683173275904944365954918339412	-348.682056285810858753393404185772	-0.029559117341346956980840943174	-95.957379109887412482748914044350	-0.217893789800676668244605593827	963.684693505284371894958894699812	-0.217893789800676668244605593827
-0.200	0.611	5.094406418997072805154857633170	0.001154144743261896434091684505	-2896.172887630283184989821165800095	0.012417463397897442536899070831	498.580285300299692607950419187546	-0.000052944216604687338503104632	326.493735402762013109168037772179	-0.004442424923456412405586846148	1656.228715988032035966170951724052	-0.000129395665381855926642090671	-5.094406418997212249166750552831	-0.001154144743261896650932119002	10.892141493352342607181526545901	-0.001154144743261896434091684505
-0.200	0.711	396.554782873342958282592007890344	0.000002120046155521631963005282	873.029931409566984257253352552652	0.000032162328704426173923720117	-3431.203589322983589227078482508659	-0.000000071306973048623952008034	368.633670439409343089209869503975	-0.000009643424714471956108005797	120.637709369598098874121205881238	-0.000000202797031350286629942768	-396.554782873343015126010868698359	-0.000002120046155521631963005282	2796.947341128067819226998835802078	-0.000002120046155521631963005282
-0.200	0.811	1855.986793305608216542168520390987	0.000000001373062233859964316291	-14536.022849746876090648584067821503	0.000000027800492888070180259572	-13505.064862838715271209366619586945	-0.000000000035330598458800533310	490.215218843177353846840560436249	-0.000000007194464888268840077830	-8660.851889314337313408032059669495	-0.000000000114612461400348990779	-1855.986793305607534421142190694809	-0.000000001373062233859964316291	10750.284718149490799987688660621643	-0.000000001373062233859964316291
-0.200	0.911	-512.835813450633963839209172874689	0.000000000000316809914973288298	-13641.267726160240272292867302894592	0.000000000008233647584660737667	-150516.564663582714274525642395019531	-0.000000000000006439846338311624	-3858.798641690990280039841309189796	-0.000000000001877158616824154969	-73932.394800861351541243493556976318	-0.000000000000023466800056807573	512.835813450634077526046894490719	-0.000000000000316809914973288298	146085.089346274064155295491218566895	-0.000000000000316809914973288298
-0.100	0.011	-192.305425799697786715114489197731	-0.000000000002644895294736666607	921741.781656600418500602245330810547	17649.364242491385084576904773712158	-937803.828376149758696556091308593750	-12057.444542777651804499328136444092	1646.495979533101717606768943369389	1981.454120215092416401603259146214	202993.263092365348711609840393066406	1326.318899705540161448880098760128	192.305425799697928823661641217768	0.000000000002644895294736666607	925248.058333542081527411937713623047	0.000000000002644895294736666607
-0.100	0.111	-233.137470558217216876073507592082	0.000000000000337637755887381297	-413120.347548139165155589580535888672	-9416.129593567804477061145007610321	-279405.540613216231577098369598388672	-6551.422971135820262134075164794922	6524.686412022339936811476945877075	6428.154672222413864801637828350067	611326.246242237975820899009704589844	7272.079497960755361418705433607101	233.137470558216932658979203552008	-0.000000000000337637755887381297	272056.071211962087545543909072875977	-0.000000000000337637755887381297
-0.100	0.211	32.101256240187488799620041390881	0.000000000001003795204481635963	-89386.694312274063122458755970001221	-2547.991800139569022576324641704559	-17726.816722459043376147747039794922	-1309.548306497433486583759076893330	-1842.287510822744934557704254984856	-2006.182826137491929330280981957912	51129.241649336159753147512674331665	2763.146926709582658077124506235123	-32.101256240187503010474756592885	-0.000000000001003795204481635963	16742.278160036064946325495839118958	-0.000000000001003795204481635963
-0.100	0.311	27.816555339502251342764793662354	0.000000000000185428902626000591	6124.845249474908086995128542184830	1854.532563517999506075284443795681	864.867682453844281553756445646286	-96.297037253972732173679105471820	-742.615349707257564659812487661839	-999.092883817769347842840943485498	2899.104278008282108203275129199028	299.483785859855004218843532726169	-27.816555339502112786931320442818	-0.000000000000185428902626000591	-902.952685514412792144867125898600	-0.000000000000185428902626000591
-0.100	0.411	46.382498118000526687865203712136	0.000000000000009192451781264123	1687.536950376720824351650662720203	243.556239140474275473025045357645	2107.094709719881848286604508757591	-2.605012705477714796131749608321	119.641055520535815048788208514452	-74.368594346851054410763026680797	-1821.038210443616208067396655678749	10.706602219513399631978245452046	-46.382498118000441422736912500113	-0.000000000000009192451781264123	-1707.162421092718204818083904683590	-0.000000000000009192451781264123
-0.100	0.511	88.077900136788912277552299201488	0.000000000000000144555806768344	-408.061657753849829077807953581214	6.846290654388743845970566326287	-6170.826736408918804954737424850464	-0.025924613134550932025401692727	39.141616694191569081340276170522	-1.530885101885123056320026080357	2272.465550339472883933922275900841	0.132474773117555177925908083125	-88.077900136788869644988153595477	-0.000000000000000144555806768344	5967.932784026607805571984499692917	-0.000000000000000144555806768344
-0.100	0.611	-216.955365871320935866606305353343	0.000000000000000000765686459638	836.047965080938979554048273712397	0.055651209991679932709285338888	5172.711579300318589957896620035172	-0.000094911806757935426480041197	235.373484134751976171173737384379	-0.009954783612626007249790660580	-2412.596465938357596314745023846626	0.000579911139290985007746503932	216.955365871320793758059153333306	-0.000000000000000000765686459638	-5580.334835996214678743854165077209	-0.000000000000000000765686459638
-0.100	0.711	-21.817361597953158991458622040227	0.000000000000000000001406487916	-440.458699283387772993592079728842	0.000144141557031247517827246551	1735.863823072968898486578837037086	-0.000000127830272700364144499845	1240.100435348733981300028972327709	-0.000021609415571738553428363452	-4375.162465532250280375592410564423	0.000000908873238899588381826608	21.817361597953208729450125247240	-0.000000000000000000001406487916	-2005.359710356098503325483761727810	-0.000000000000000000001406487916
-0.100	0.811	167.912508949004973146656993776560	0.000000000000000000000000910921	-169638.234111024794401600956916809082	0.000000124593165126475200000906	-25941.156714267810457386076450347900	-0.000000000063336302784523744207	1171.948501151909113104920834302902	-0.000000016121677328342713448824	-103914.498946475898264907300472259521	0.000000000513657415582487172092	-167.912508949004660507853259332478	-0.000000000000000000000000910921	23867.261433474574005231261253356934	-0.000000000000000000000000910921
-0.100	0.911	-218.109665489674455329804914072156	0.000000000000000000000000000210	-252135.887076300248736515641212463379	0.000000000036900648389189437000	-434484.303286949347238987684249877930	-0.000000000000011544555579627133	-8175.483097552944855124223977327347	-0.000000000004206420628155867834	-759929.582645201357081532478332519531	0.000000000000105170901330403110	218.109665489674256377838901244104	-0.000000000000000000000000000210	426753.578727048763539642095565795898	-0.000000000000000000000000000210
-0.000	0.011	9772.325947852799799875356256961823	9819.412483990152395563200116157532	2474866.106145703233778476715087890625	29098.882240929804538609459996223450	2538692.116902633104473352432250976562	29819.047931947017787024378776550293	979.417829802434198427363298833370	0.000000000000906737339355376625	1474.815473662350996164605021476746	0.000000000000910409323627340191	-9772.325947852797980885952711105347	-9819.412483990152395563200116157532	-2516957.715610918123275041580200195312	-9819.412483990152395563200116157532
-0.000	0.111	-1250.678627842183459506486542522907	-1253.510640600637998431921005249023	-1102826.200137488776817917823791503906	-15524.573148584195223520509898662567	755769.665771844331175088882446289062	16202.205608797577951918356120586395	-1059.571692402088729068054817616940	0.000000000002941601223561547260	-2740.240014879027967253932729363441	0.000000000004991687126355923573	1250.678627842183686880161985754967	1253.510640600637998431921005249023	-738949.108763769734650850296020507812	1253.510640600637998431921005249023
-0.000	0.211	-3717.710353562442833208478987216949	-3726.680289337420617812313139438629	-235932.240949450351763516664505004883	-4200.928278459617104090284556150436	32414.345627277194580528885126113892	3238.620221897470855765277519822121	301.802485865011078658426413312554	-0.000000000000918053493883013821	-1937.840403399003207596251741051674	0.000000000001896674114488701112	3717.710353562442833208478987216949	3726.680289337420617812313139438629	-24553.975378261111472966149449348450	3726.680289337420617812313139438629
-0.000	0.311	-709.553061368638282147003337740898	-688.421535991136579468729905784130	-1006.349604644006831222213804721832	3057.607284678164887736784294247627	2533.005070646786407451145350933075	238.150460439041239624202717095613	96.965932246654119808226823806763	-0.000000000000457196971658105084	-681.959516950654005995602346956730	0.000000000000205571096802253472	709.553061368637600025977008044720	688.421535991136579468729905784130	-1449.402576268948905635625123977661	688.421535991136579468729905784130
-0.000	0.411	-40.482943489064048492309666471556	-34.127806858384325039423856651410	3665.451110546714062365936115384102	401.556352082627029176364885643125	1448.655394839338214296731166541576	6.442409786947789207545156386914	-155.664685373125166734098456799984	-0.000000000000034031967069892584	123.388785775410610767721664160490	0.000000000000007349205750727233	40.482943489064048492309666471556	34.127806858384325039423856651410	-1451.076118416490544404950924217701	34.127806858384325039423856651410
-0.000	0.511	-24.734799727864238860775003558956	-0.536676478815268365174517839478	-483.206999103128907790960511192679	11.287625027286221524036591290496	-695.093196024064354787697084248066	0.064113691664409014348002813222	274.086888898990309826331213116646	-0.000000000000000700551514153362	2875.608529355819428019458428025246	0.000000000000000090933084508119	24.734799727864142937505675945431	0.536676478815268365174517839478	582.768570803587408590828999876976	0.536676478815268365174517839478
-0.000	0.611	-101.478021835844259612713358364999	-0.002842680084749354442463786796	-532.088699693738590212888084352016	0.091753333653482205267692961570	227.357766214906973800680134445429	0.000234724671963582227646877287	160.484931994449141257064184173942	-0.000000000000000004555429224771	-532.397278778559893908095546066761	0.000000000000000000398061513112	101.478021835844117504166206344962	0.002842680084749354442463786796	-549.368027310632555781921837478876	0.002842680084749354442463786796
-0.000	0.711	-1087.889883359146779184811748564243	-0.000005221713325157212988935577	-8548.018432352824675035662949085236	0.000237649251069253374026718495	2981.817546083717843430349603295326	0.000000316134734460732169260126	-201.131765256735320690495427697897	-0.000000000000000000009888729585	1126.386397365979973983485251665115	0.000000000000000000000623867059	1087.889883359146779184811748564243	0.000005221713325157212988935577	-1581.822588687800816842354834079742	0.000005221713325157212988935577
-0.000	0.811	-4369.001601594274688977748155593872	-0.000000003381877957771437208306	-447895.785083873837720602750778198242	0.000000205419401527873149651283	80478.552713347322423942387104034424	0.000000000156635864412521955722	-328.684174801986102920636767521501	-0.000000000000000000000007377474	-2227.480339078066208458039909601212	0.000000000000000000000000352584	4369.001601594273779483046382665634	0.000000003381877957771437208306	-71091.210190699726808816194534301758	0.000000003381877957771437208306
-0.000	0.911	1365.935840400508823222480714321136	-0.000000000000780308744811691987	-680766.001343290554359555244445800781	0.000000000060838883901883049594	1174832.420547585003077983856201171875	0.000000000000028550631517366626	-305.373257668678206755430437624454	-0.000000000000000000000000001925	-1065.897219876703502450254745781422	0.000000000000000000000000000072	-1365.935840400509050596156157553196	0.000000000000780308744811691987	-1156126.946842807112261652946472167969	0.000000000000780308744811691987
0.100	0.011	300.226006607873387110885232686996	0.000000000003967342942105002535	924866.271239565219730138778686523438	17649.364242491395998513326048851013	-940653.392747223842889070510864257812	-12057.444542777624519658274948596954	-2294.767132322603174543473869562149	-1981.454120215092416401603259146214	-206748.684943156607914716005325317383	-1326.318899705541070943581871688366	-300.226006607873273424047511070967	-0.000000000003967342942105002535	927574.699037975515238940715789794922	-0.000000000003967342942105002535
0.100	0.111	238.827996331217974557148409076035	-0.000000000000506456633831072324	-404281.628983190341386944055557250977	-9416.129593567809934029355645179749	-277187.489264386123977601528167724609	-6551.422971135808438702952116727829	-6579.006292814376138267107307910919	-6428.154672222413864801637828350067	-613583.412780041922815144062042236328	-7272.079497960759908892214298248291	-238.827996331217889292020117864013	0.000000000000506456633831072324	269741.037103327456861734390258789062	0.000000000000506456633831072324
0.100	0.211	-112.222351383062132867962645832449	-0.000000000001505692806722454853	-88080.466073079602210782468318939209	-2547.991800139569932071026414632797	-11582.565793248933914583176374435425	-1309.548306497430530725978314876556	1880.767196727459804606041871011257	2006.182826137491701956605538725853	-49164.372331949904037173837423324585	-2763.146926709583567571826279163361	112.222351383062076024543785024434	0.000000000001505692806722454853	10522.726367828527145320549607276917	0.000000000001505692806722454853
0.100	0.311	183.653057786351638469568570144475	-0.000000000000278143353939001088	-1292.885300190533826025784946978092	1854.532563518001097691012546420097	-5351.412221507502181339077651500702	-96.297037253972547432567807845771	984.731999911169850747683085501194	999.092883817769575216516386717558	-2813.825767234313843800919130444527	-299.483785859855231592518975958228	-183.653057786351581626149709336460	0.000000000000278143353939001088	5831.481645389173536386806517839432	0.000000000000278143353939001088
0.100	0.411	159.873462311429648252669721841812	-0.000000000000013788677671896207	-619.128798234270902867137920111418	243.556239140474730220375931821764	3595.886165863375481421826407313347	-2.605012705477712575685700358008	396.748901005079574133560527116060	74.368594346851139675891317892820	-2911.601974563108797156019136309624	-10.706602219513419171903478854802	-159.873462311429591409250861033797	0.000000000000013788677671896210	-4063.985944375386679894290864467621	0.000000000000013788677671896207
0.100	0.511	67.960915033782683281060599256307	-0.000000000000000216833710152516	-4954.434745794634181947913020849228	6.846290654388743845970566326287	2345.548283528836236655479297041893	-0.025924613134550862636462653654	193.924952461832987182788201607764	1.530885101885122390186211305263	2274.204972479061325429938733577728	-0.132474773117555150170332467496	-67.960915033782868022171896882355	0.000000000000000216833710152516	-1874.708139492567624984076246619225	0.000000000000000216833710152516
0.100	0.611	170.003717883397882815188495442271	-0.000000000000000001148529689458	130.680496538304282694298308342695	0.055651209991679932709285338888	4963.144114251522296399343758821487	-0.000094911806757935168982025231	-194.040237156046941890963353216648	0.009954783612626003780343708627	437.703721530623909075075061991811	-0.000579911139290984899326286683	-170.003717883397797550060204230249	0.000000000000000001148529689458	-5320.203683739701773447450250387192	0.000000000000000001148529689458
0.100	0.711	74.328446586719920219366031233221	-0.000000000000000000002109731874	2149.515326093813200714066624641418	0.000144141557031247517827246551	-568.560878279428038695186842232943	-0.000000127830272700363826862490	-1621.874733295618170814123004674911	0.000021609415571738539875836296	5186.034784147089339967351406812668	-0.000000908873238899588275947490	-74.328446586720005484494322445244	0.000000000000000000002109731874	-210.744661993256585219569387845695	0.000000000000000000002109731874
0.100	0.811	7.738216777456967676585009030532	-0.000000000000000000000001366382	-165677.668232702737441286444664001465	0.000000124593165126475200000906	-30399.453012272704654606059193611145	-0.000000000063336302784523576186	-1179.061267963138334380346350371838	0.000000016121677328342703522656	103352.169688466616207733750343322754	-0.000000000513657415582487068695	-7.738216777456960571157651429530	0.000000000000000000000001366382	28404.827039311374392127618193626404	0.000000000000000000000001366382
0.100	0.911	538.786901819063814400578849017620	-0.000000000000000000000000000315	-248619.640950889646774157881736755371	0.000000000036900648389189437000	-429439.176003726315684616565704345703	-0.000000000000011544555579627105	8033.869878598108698497526347637177	0.000000000004206420628155866219	761961.861903666635043919086456298828	-0.000000000000105170901330403097	-538.786901819063473340065684169531	0.000000000000000000000000000315	421607.594399299181532114744186401367	0.000000000000000000000000000315
0.200	0.011	-3962.755669534958087751874700188637	-3986.738909213813258247682824730873	46677.494227810122538357973098754883	3938.105469945075128634925931692123	-328073.523869503405876457691192626953	-6725.948829526970257575158029794693	-916.803099863894090049143414944410	-884.244350340719506675668526440859	-19247.683322819106251699849963188171	295.941748499186019216722343116999	3962.755669534958087751874700188637	3986.738909213813258247682824730873	324876.912309676001314073801040649414	3986.738909213813258247682824730873
0.200	0.111	530.635224948585005222412291914225	508.932652757385653785604517906904	-18882.383638441824587062001228332520	-2101.022504191155803709989413619041	-99377.361004001257242634892463684082	-3654.550141874095515959197655320168	-2932.576094045811260002665221691132	-2868.630362943730688130017369985580	-57749.498440568866499233990907669067	1622.620262992095376830548048019409	-530.635224948585005222412291914225	-508.932652757385653785604517906904	95403.001448450770112685859203338623	-508.932652757385653785604517906904
0.200	0.211	1486.703133221089046855922788381577	1513.053997469344494675169698894024	-4130.602390398825264128390699625015	-568.533818422028389250044710934162	-2801.637770036405527207534760236740	-730.499308377193301566876471042633	730.761044500388834421755746006966	895.279790566176188804092817008495	-4678.649353903475457627791911363602	616.541416270350055128801614046097	-1486.703133221088364734896458685398	-1513.053997469344494675169698894024	233.224894316904624247399624437094	-1513.053997469344494675169698894024
0.200	0.311	287.172088507857040440285345539451	279.503170678633182433259207755327	-1263.708781981562651708372868597507	413.802147898249756963195977732539	1617.840856495135994919110089540482	-53.716933360745635184230195591226	366.302627983234287967206910252571	445.855510338831152239436050876975	154.276145708789158561557997018099	66.823865100767449121121899224818	-287.172088507857154127123067155480	-279.503170678633125589840346947312	-1869.853593118312119258916936814785	-279.503170678633182433259207755327
0.200	0.411	258.643393838971178411156870424747	13.856089222271558369925514853094	-565.250217258742509329749736934900	54.344742644563297062632045708597	-590.645483911499468376860022544861	-1.453142255404841653998460060393	117.545739575160922640861826948822	33.187752733252963821541925426573	1336.967882613091205712407827377319	2.388965867885555205418768309755	-258.643393838971121567738009616733	-13.856089222271558369925514853094	732.042508458943984805955551564693	-13.856089222271558369925514853094
0.200	0.511	19.278752079214743986312896595336	0.217893789800677251111693522034	-283.296463893239604203699855133891	1.527613930136461517506063501060	-2303.463792153588656219653785228729	-0.014461407701246110565906910495	136.078514213792942655345541425049	0.683173275904946475378665127209	3155.840408135914458398474380373955	0.029559117341346991675310462711	-19.278752079214733328171860193834	-0.217893789800677251111693522034	2992.687548920459903456503525376320	-0.217893789800677251111693522034
0.200	0.611	139.187522289292701316298916935921	0.001154144743261899903538636458	2545.069293178210955375107005238533	0.012417463397897487639709446228	5292.702249900292372331023216247559	-0.000052944216604687555343539129	479.203323473091415962699102237821	0.004442424923456427150736391951	642.124613928020380626549012959003	0.000129395665381856116377470856	-139.187522289292672894589486531913	-0.001154144743261900120379070955	-5910.766729856552956334780901670456	-0.001154144743261899903538636458
0.200	0.711	419.982538330307306750910356640816	0.000002120046155521629845422914	-3105.487499463684343936620280146599	0.000032162328704426173923720117	-1549.013974282163644602405838668346	-0.000000071306973048623978477813	-171.358506849140638905737432651222	0.000009643424714471954413939903	1441.099886244064691709354519844055	0.000000202797031350286179956515	-419.982538330307306750910356640816	-0.000002120046155521630268939387	333.977763739880572302354266867042	-0.000002120046155521629845422914
0.200	0.811	1760.754740561638755025342106819153	0.000000001373062233859963282315	-1160.539265526342660450609400868416	0.000000027800492888070180259572	-9521.552337413120767450891435146332	-0.000000000035330598458800546235	-97.362506806111653645530168432742	0.000000007194464888268837596288	7579.404024971527178422547876834869	0.000000000114612461400348732285	-1760.754740561639209772692993283272	-0.000000001373062233859963282315	6456.295819231830137141514569520950	-0.000000001373062233859963282315
0.200	0.911	-471.197277311673303756833774968982	0.000000000000316809914973288096	-14424.405796128412475809454917907715	0.000000000008233647584660737667	-153373.294862885551992803812026977539	-0.000000000000006439846338311625	3572.737516763417261245194822549820	0.000000000001877158616824154161	71839.653940750940819270908832550049	0.000000000000023466800056807520	471.197277311673360600252635776997	-0.000000000000316809914973287995	149245.937512339296517893671989440918	-0.000000000000316809914973288096
0.300	0.011	-964.739315108635423712257761508226	-872.670554337760563612391706556082	1828.031344600665988764376379549503	323.259382081210276282945415005088	3068.766088823295376641908660531044	3312.597002496813274774467572569847	-327.166403938710118382005020976067	-108.874794421362537377717671915889	-760.489058071188196663570124655962	218.631402164789648168152780272067	964.739315108635992146446369588375	872.670554337760563612391706556082	1339.897791764093199162743985652924	872.670554337760563612391706556082
0.300	0.111	96.988902915932371229246200527996	111.401962936659160163799242582172	2395.850761962655724346404895186424	-172.462429365311493256740504875779	1042.371773382872788715758360922337	1799.902460200225732478429563343525	-464.240338704900921129592461511493	-353.207279092065846270998008549213	-2375.306871031942137051373720169067	1198.735038493350202770670875906944	-96.988902915932456494374491740018	-111.401962936659188585508672986180	662.368036500016501122445333749056	-111.401962936659160163799242582172
0.300	0.211	453.433799517491365804744418710470	331.197427467082320617919322103262	1980.673014079484801186481490731239	-46.668097702812161742258467711508	-5505.197491812987209414131939411163	359.778208337405771999328862875700	377.120732940749405770475277677178	110.233560564943559256789740175009	1236.577421976797950264881365001202	455.479211755155745322554139420390	-453.433799517491365804744418710470	-331.197427467082320617919322103262	5174.578811871520883869379758834839	-331.197427467082320617919322103262
0.300	0.311	-91.914455176327251706425158772618	61.181379681415890559037507046014	-140.963967433601624179573263972998	33.966948740794201455628353869542	-1545.209243064213296747766435146332	26.456126405981201799022528575733	53.772959300992837938792945351452	54.897073428930987404328334378079	-3569.510369080932377983117476105690	49.367131873560936128342291340232	91.914455176327265917279873974621	-61.181379681415890559037507046014	1323.960040911238593253074213862419	-61.181379681415890559037507046014
0.300	0.411	-57.661516390939432596951519371942	3.033005505980752580796888651093	5651.227086312470419215969741344452	4.460888125195120679222782200668	1786.574673417638905448256991803646	0.715687080211414583530427080404	-21.146329468534222684183987439610	4.086324956159051779991386865731	10.870257562308003329576422402170	1.764884339801348511755918480048	57.661516390939624443490174598992	-3.033005505980752580796888651093	-1943.816794707442340950365178287029	-3.033005505980752580796888651093
0.300	0.511	117.953701850583058785559842363000	0.047695497162519008560455091583	3661.003099428020505001768469810486	0.125394187353099650916732343831	5011.511945503749302588403224945068	0.007122387787538530905251388248	-42.110784023308404755425726762041	0.084117416118812668446302893699	-3921.178304596246107394108548760414	0.021837240956593135382535209033	-117.953701850583058785559842363000	-0.047695497162519008560455091583	-5168.820296474859787849709391593933	-0.047695497162519008560455091583
0.300	0.611	-5.897143185771446027843012416270	0.000252634585766487406149199968	1083.694599861497863457771018147469	0.001019287465928725303423996174	-1337.157429748623826526454649865627	0.000026075555682834954910210429	-63.200061261051253325149446027353	0.000546984665593039918497775265	1860.011291552975762897403910756111	0.000095592987133272952168273895	5.897143185771384743532053107629	-0.000252634585766487406149199968	1354.378154365275122472667135298252	-0.000252634585766487406149199968
0.300	0.711	281.723381929788502020528540015221	0.000000464063962022923212967604	-1355.903232642635430238442495465279	0.000002640044707444222402099388	-2627.965795060152686346555128693581	0.000000035119396707424360324243	-216.694755631707522525175590999424	0.000001187370756625661376320495	2210.776413128336116642458364367485	0.000000149819346353872297267481	-281.723381929788445177109679207206	-0.000000464063962022923212967604	2931.029556193066582636674866080284	-0.000000464063962022923212967604
0.300	0.811	461.301653878028901090146973729134	0.000000000300554164205128860847	-5193.265233883945256820879876613617	0.000000002282003420460964711190	290.639609396479954739334061741829	0.000000000017400672755233095119	-184.292472828498262060747947543859	0.000000000885836460679859809701	-1317.217614286106027066125534474850	0.000000000084671673626964226903	-461.301653878028787403309252113104	-0.000000000300554164205128860847	125.401056755597352321274229325354	-0.000000000300554164205128860847
0.300	0.911	-122.449051670908644950941379647702	0.000000000000069347577158986752	1371.114946886458028529887087643147	0.000000000000675858950656549074	1827.484595255165231719729490578175	0.000000000000003171688666910598	656.773307410284928664623294025660	0.000000000000231129843718277347	2231.231239270803598628845065832138	0.000000000000017336450253333327	122.449051670908275468718784395605	-0.000000000000069347577158986765	555.275003659277444967301562428474	-0.000000000000069347577158986752
0.400	0.011	-60.288208556203123578143276972696	-49.410688745071020377963577629998	5176.959083005986030912026762962341	9.761587505568044775827729608864	509.599138192816553782904520630836	543.505905823570401480537839233875	-160.546557731114404532490880228579	-4.383645216223975182856520405039	-2007.064368967550308298086747527122	19.072722584728964534406259190291	60.288208556203322530109289800748	49.410688745071006167108862427995	-31.971580307957164990284582017921	49.410688745071020377963577629998
0.400	0.111	23.195889658128081123322772327811	6.307589603994768978623142174911	-6246.965566358315300021786242723465	-5.207914105488828049317362456350	521.403081807316084450576454401016	295.314406276360386982560157775879	-107.048460711620776919517084024847	-14.221247512395954970543243689463	1036.082283331909593471209518611431	104.573911228659611083458003122360	-23.195889658128059807040699524805	-6.307589603994768978623142174911	-128.616345617724221028765896335244	-6.307589603994768978623142174911
0.400	0.211	82.551647639874730089104559738189	18.752429448204388506837858585641	-2507.992171242079621151788160204887	-1.409254439922040358368349188822	-1772.633804784363064754870720207691	59.029692072599594609982887050137	122.693338501595619050021923612803	4.438353459182625471157734864391	-3034.268065350438519089948385953903	39.734587817212428717539296485484	-82.551647639874630613121553324163	-18.752429448204388506837858585641	1662.333746299137601454276591539383	-18.752429448204388506837858585641
0.400	0.311	28.146889901981328563351780758239	3.464095463524049289816275631892	2068.885634408808982698246836662292	1.025712974811999078639246363309	3078.798983198194036958739161491394	4.340721475032346177158615319058	-318.271982267027226498612435534596	2.210330633462132432498492562445	259.787240659158783273596782237291	4.306634827866446357802487909794	-28.146889901981268167219241149724	-3.464095463524048845727065781830	-2724.188051410679690889082849025726	-3.464095463524049289816275631892
0.400	0.411	64.836390889431953610255732201040	0.171729056598945162281921739122	-5369.573914883285397081635892391205	0.134707149120584818158263828991	-857.575429964313798336661420762539	0.117424532632054393066489694775	-355.462404597869010558497393503785	0.164528428652431918388643339313	-2180.880838996753027458908036351204	0.153963012970077667285195843760	-64.836390889431982031965162605047	-0.171729056598945190037497354751	1117.185795493368459574412554502487	-0.171729056598945162281921739122
0.400	0.511	104.307322960364999175908451434225	0.002700523528752555007387270436	-2843.658246630620396899757906794548	0.003786576354431604556072255008	70.263877063905113118380540981889	0.001168587613638224012579946987	8.030466567202372729639137105551	0.003386834489379346099791057156	2803.773707101745912950718775391579	0.001905012887705207283439712285	-104.307322960365084441036742646247	-0.002700523528752555007387270436	-1107.935670975392895343247801065445	-0.002700523528752555007387270436
0.400	0.611	-48.715578367378462587566900765523	0.000014304193972742354005176814	403.466586569402863915456691756845	0.000030779814426213234694433563	-4919.516456773621939646545797586441	0.000004278280304114919391526503	-24.276032126992756587924304767512	0.000022023340897389000864713127	1003.630122956934997091593686491251	0.000008339234467628171823734042	48.715578367378384427865967154503	-0.000014304193972742354005176814	4283.607477040794037748128175735474	-0.000014304193972742354005176814
0.400	0.711	-4.502103913851345673435844219057	0.000000026275345113161936959159	3286.860906275198431103490293025970	0.000000079722442282755287149831	-1702.771212683841213220148347318172	0.000000005762125457777973542753	46.248290664092692736630851868540	0.000000047807320003031043182330	-693.595524636766981529945041984320	0.000000013069773154905962110321	4.502103913851329686224289616803	-0.000000026275345113161936959159	1757.938354519823633381747640669346	-0.000000026275345113161936959159
0.400	0.811	-6.170881380417432282570189272519	0.000000000017017405004393790580	3388.789241601641606393968686461449	0.000000000068910532258701571378	4988.574493871886261331383138895035	0.000000000002854971009345268126	184.941598383020448181923711672425	0.000000000035666591003492138002	-82.170385895853414126577263232321	0.000000000007386493092399300424	6.170881380417471362420656078029	-0.000000000017017405004393790580	-4406.992866412912007945124059915543	-0.000000000017017405004393790580
0.400	0.911	44.813489734521127161315234843642	0.000000000000003926466331647611	-26.522314556182774225590037531219	0.000000000000020409171872381509	1387.588340790905476751504465937614	0.000000000000000520386729988670	21.226228023794337929075481952168	0.000000000000009306022014801768	623.887463723385053526726551353931	0.000000000000001512377924725355	-44.813489734521077423323731636629	-0.000000000000003926466331647611	-773.763689052213749164366163313389	-0.000000000000003926466331647611
0.500	0.011	-56.420686408489359564555343240499	-0.878245072353862177294558932772	-4173.363755514664262591395527124405	0.108441441807105146133416440080	-4717.749471165781869785860180854797	17.705956430523759337347655673511	-100.993528743169832750936620868742	-0.060872374414893459793063357210	-2160.336350893178405385697260499001	0.448205173241291776609074304361	56.420686408489316931991197634488	0.878245072353862177294558932772	4899.976778094041037547867745161057	0.878245072353862177294558932772
0.500	0.111	-44.814172720963696860962954815477	0.112113585720689648561609885746	-3214.882194079770670214202255010605	-0.057854699769338678583263657629	948.338666470155999377311673015356	9.620546814320283246502185647842	-210.391797665429010066873161122203	-0.197479736730867078131623770787	2533.857948142237091815331950783730	2.457466037716541151780802465510	44.814172720963782126091246027499	-0.112113585720689676317185501375	-1289.282951647980098641710355877876	-0.112113585720689648561609885746
0.500	0.211	-74.820466984365481266650022007525	0.333313078117977001912919376991	3705.539865458832537115085870027542	-0.015655402694596542295668584188	-607.469576314072014611156191676855	1.923028148812715221183111680148	79.736356509671921344306610990316	0.061632066516944444822811988161	2011.484035460557379337842576205730	0.933754881463245145489793230809	74.820466984365495477504737209529	-0.333313078117977001912919376991	865.845480324617028600187040865421	-0.333313078117977001912919376991
0.500	0.311	154.675258889521302307912264950573	0.061572199219887359389336012327	4422.285200775145312945824116468430	0.011394641886416737378007191239	2151.699864539410100405802950263023	0.141408997566459054828769126289	34.673895370059923948247160296887	0.030693194194377240030524589542	778.339718670575621217722073197365	0.101205058718589244182162190100	-154.675258889521245464493404142559	-0.061572199219887359389336012327	-1952.771952277551235965802334249020	-0.061572199219887359389336012327
0.500	0.411	95.864867089374428132941829971969	0.003052379992437278220795970896	1662.272120022357057678163982927799	0.001496461253257066938843200532	4007.467314703868396463803946971893	0.003825374547691984088160221944	-107.133572364944726018620713148266	0.002284682180427891062812761902	-428.787124091313671669922769069672	0.003618100069061812654180876336	-95.864867089374442343796545173973	-0.003052379992437278220795970896	-3657.054997157914840499870479106903	-0.003052379992437278220795970896
0.500	0.511	22.637315883153437567898436100222	0.000048000170451766600843417770	393.260706821510723329993197694421	0.000042065063613171016650670031	-229.439508117415101651204167865217	0.000038069432458098619097112969	-311.338441697416385522956261411309	0.000047030415772643671754992684	1586.822395717489825983648188412189	0.000044767422562128117620190021	-22.637315883153380724479575292207	-0.000048000170451766607619681348	513.453922113418116168759297579527	-0.000048000170451766600843417770
0.500	0.611	-58.007920075452155117545771645382	0.000000254248386120865101871197	-415.259852067704855471674818545580	0.000000341932851908542161284193	2620.813897614949382841587066650391	0.000000139374832638554648687302	115.152584186925338372020632959902	0.000000305821522237029660278989	61.279947553545575544831081060693	0.000000195970345222536791936105	58.007920075452119590408983640373	-0.000000254248386120865101871197	-2764.202013466060179780470207333565	-0.000000254248386120865101871197
0.500	0.711	-65.304726314924039343168260529637	0.000000000467028348645183912238	-861.045603024916772483265958726406	0.000000000885636335339357013204	435.387367813913158443028805777431	0.000000000187714505416519482041	-117.430836614679051876919402275234	0.000000000663864190520397079437	-709.483066197292487231607083231211	0.000000000307137060013095943964	65.304726314923954078039969317615	-0.000000000467028348645183912238	-22.335381170621630531059054192156	-0.000000000467028348645183912238
0.500	0.811	-0.394904688737413356314220891363	0.000000000000302474069253886833	2942.802690933832309383433312177658	0.000000000000765526864310356035	1274.461550558085718876100145280361	0.000000000000093007254861891365	-174.702587067867057157855015248060	0.000000000000495275044985876551	1267.500810348294407958746887743473	0.000000000000173581113101031952	0.394904688737549025567830085492	-0.000000000000302474069253886783	-836.919694542168372208834625780582	-0.000000000000302474069253886833
0.500	0.911	-20.467663215583964841925990185700	0.000000000000000069790561417278	-3216.714017174114360386738553643227	0.000000000000000226725419678680	-1937.579026007128049968741834163666	0.000000000000000016952796040441	-429.589779269740290601475862786174	0.000000000000000129225707934050	-3536.766866328100149985402822494507	0.000000000000000035540579314071	20.467663215583872471370341372676	-0.000000000000000069790561417278	1873.481066871107259430573321878910	-0.000000000000000069790561417278
