-0.500	0.011	-151.431420668038100529884104616940	-0.878245072353862177294558932772	44.716828169676951176825241418555	0.108441441807105146133416440080	275.341869401672965977923013269901	17.705956430523759337347655673511	-125.307266656940342386405973229557	0.060872374414893459793063357210	-108.288393311414708364281977992505	-0.448205173241291776609074304361	151.431420668037901577918091788888	0.878245072353862177294558932772	-502.856173699446685532166156917810	0.878245072353862177294558932772
-0.500	0.111	38.469995968324383284198120236397	0.112113585720689648561609885746	546.276318679117366627906449139118	-0.057854699769338678583263657629	-489.034760111606317423138534650207	9.620546814320283246502185647842	392.786469302417344806599430739880	0.197479736730867078131623770787	-1.138111636926888881049535484635	-2.457466037716541151780802465510	-38.469995968324305124497186625376	-0.112113585720689676317185501375	-44.834781608874671121611754642799	-0.112113585720689648561609885746
-0.500	0.211	47.963954394559124239094671793282	0.333313078117977001912919376991	319.794337291782653664995450526476	-0.015655402694596542295668584188	-558.394236520888057384581770747900	1.923028148812715221183111680148	277.494980492289528228866402059793	-0.061632066516944444822811988161	-139.943304824270768449423485435545	-0.933754881463245145489793230809	-47.963954394559159766231459798291	-0.333313078117977001912919376991	-84.079837907228522908553713932633	-0.333313078117977001912919376991
-0.500	0.311	-56.921453826935831443734059575945	0.061572199219887359389336012327	299.321214925700473941105883568525	0.011394641886416737378007191239	29.402018273040269491502840537578	0.141408997566459054828769126289	84.571144229328893970887293107808	-0.030693194194377240030524589542	39.330969619317166063865442993119	-0.101205058718589244182162190100	56.921453826935625386340689146891	-0.061572199219887359389336012327	7.486769852302904482144185749348	-0.061572199219887359389336012327
-0.500	0.411	44.646156701489729812237783335149	0.003052379992437278220795970896	101.800278582171216612550779245794	0.001496461253257066938843200532	435.171711722831616953044431284070	0.003825374547691984088160221944	249.815553097139712690477608703077	-0.002284682180427891062812761902	-37.971466014055899051982123637572	-0.003618100069061812654180876336	-44.646156701489715601383068133146	-0.003052379992437278220795970896	-379.840526053188511923508485779166	-0.003052379992437278220795970896
-0.500	0.511	-5.750113108295701103145347587997	0.000048000170451766600843417770	-68.895268476604016427700116764754	0.000042065063613171016650670031	77.400034984361653300766192842275	0.000038069432458098619097112969	-45.504246354271124630486156092957	-0.000047030415772643671754992684	292.605514324312878216005628928542	-0.000044767422562128117620190021	5.750113108295752617493690195261	-0.000048000170451766607619681348	-176.227406486295052445711917243898	-0.000048000170451766600843417770
-0.500	0.611	47.722928335675874222943093627691	0.000000254248386120865101871197	335.876422795864414183597546070814	0.000000341932851908542161284193	-75.321802348346196254169626627117	0.000000139374832638554648687302	240.205582861267203043098561465740	-0.000000305821522237029660278989	127.246401527866183300830016378313	-0.000000195970345222536791936105	-47.722928335675852906661020824686	-0.000000254248386120865101871197	-25.639625369974229585068314918317	-0.000000254248386120865101871197
-0.500	0.711	-74.492346963446536278752319049090	0.000000000467028348645183912238	-343.501304850607652952021453529596	0.000000000885636335339357013204	168.075826531459682655622600577772	0.000000000187714505416519482041	80.884117939111661144124809652567	-0.000000000663864190520397079437	7.034256950258686025279075693106	-0.000000000307137060013095943964	74.492346963446408381059882231057	-0.000000000467028348645183912238	34.601877805543232113905105507001	-0.000000000467028348645183912238
-0.500	0.811	-19.855750684085371915443829493597	0.000000000000302474069253886833	-87.191805878055447465158067643642	0.000000000000765526864310356035	322.292967182483948818116914480925	0.000000000000093007254861891365	122.643049753118447142696822993457	-0.000000000000495275044985876551	-91.852652957445869219554879236966	-0.000000000000173581113101031952	19.855750684085283097601859481074	-0.000000000000302474069253886783	56.899164295917948663827701238915	-0.000000000000302474069253886833
-0.500	0.911	-45.697033085560789800183556508273	0.000000000000000069790561417278	-313.609036442865544813685119152069	0.000000000000000226725419678680	550.521897618615071223757695406675	0.000000000000000016952796040441	-34.731572281640602284369379049167	-0.000000000000000129225707934050	2.784323307719063222975819371641	-0.000000000000000035540579314071	45.697033085560747167619410902262	-0.000000000000000069790561417278	281.813952688572101124009350314736	-0.000000000000000069790561417278
-0.400	0.011	-35.850576858547583469771780073643	-49.410688745071020377963577629998	-187.862426910981099581476883031428	9.761587505568044775827729608864	455.679525969726967105088988319039	543.505905823570401480537839233875	205.372023724271770106497569940984	4.383645216223975182856520405039	56.817182118852564087774226209149	-19.072722584728964534406259190291	35.850576858547540837207634467632	49.410688745071006167108862427995	313.421361919201331147633027285337	49.410688745071020377963577629998
-0.400	0.111	20.284646840336488793354874360375	6.307589603994768978623142174911	-371.108260992302916747576091438532	-5.207914105488828049317362456350	694.569434585149110716884024441242	295.314406276360386982560157775879	-200.528603415983639024489093571901	14.221247512395954970543243689463	114.018458206761181372712599113584	-104.573911228659611083458003122360	-20.284646840336453266218086355366	-6.307589603994768978623142174911	-204.182338136195909328307607211173	-6.307589603994768978623142174911
-0.400	0.211	-28.814187738347222023094218457118	18.752429448204388506837858585641	-112.038271859378710360033437609673	-1.409254439922040358368349188822	-256.202556089275219619594281539321	59.029692072599594609982887050137	32.972793498636164599702169653028	-4.438353459182625471157734864391	183.136925427947858224797528237104	-39.734587817212428717539296485484	28.814187738347122547111212043092	-18.752429448204388506837858585641	125.244262269394653230847325176001	-18.752429448204388506837858585641
-0.400	0.311	15.184760996573112734608912433032	3.464095463524049289816275631892	-163.644520124876606814723345451057	1.025712974811999078639246363309	423.041875928291403852199437096715	4.340721475032346177158615319058	-11.350159491152757240683968120720	-2.210330633462132432498492562445	273.436187245963139957893872633576	-4.306634827866446357802487909794	-15.184760996573197999737203645054	-3.464095463524048845727065781830	-152.147636780665862943351385183632	-3.464095463524049289816275631892
-0.400	0.411	-40.928289114398424430874001700431	0.171729056598945162281921739122	-100.409458860696204851592483464628	0.134707149120584818158263828991	41.087644478050322049966780468822	0.117424532632054393066489694775	-118.940091254863531844421231653541	-0.164528428652431918388643339313	-151.620409640386839100756333209574	-0.153963012970077667285195843760	40.928289114398403114591928897426	-0.171729056598945190037497354751	63.322543337107610739167284918949	-0.171729056598945162281921739122
-0.400	0.511	181.316219244997597570545622147620	0.002700523528752555007387270436	-301.473190877538684162573190405965	0.003786576354431604556072255008	515.164745338486000036937184631824	0.001168587613638224012579946987	-24.536464733777425095695434720255	-0.003386834489379346099791057156	105.987572710692205646410002373159	-0.001905012887705207283439712285	-181.316219244997597570545622147620	-0.002700523528752555007387270436	-302.536548959300148453621659427881	-0.002700523528752555007387270436
-0.400	0.611	26.245422690393631626193382544443	0.000014304193972742354005176814	-269.499865590392914782569278031588	0.000030779814426213234694433563	117.021480871653537292331748176366	0.000004278280304114919391526503	52.461614596359574136386072495952	-0.000022023340897389000864713127	108.251675026507840016165573615581	-0.000008339234467628171823734042	-26.245422690393549913778770132922	-0.000014304193972742354005176814	-79.992067062428787949102115817368	-0.000014304193972742354005176814
-0.400	0.711	35.084194927820767873072327347472	0.000000026275345113161936959159	227.651969092619879120320547372103	0.000000079722442282755287149831	95.732198836396761976175184827298	0.000000005762125457777973542753	-44.236158489864152443260536529124	-0.000000047807320003031043182330	-18.825730967726101994230702985078	-0.000000013069773154905962110321	-35.084194927820867349055333761498	-0.000000026275345113161936959159	297.359846056005835635005496442318	-0.000000026275345113161936959159
-0.400	0.811	85.577242667298136780118511524051	0.000000000017017405004393790580	392.569277130159434818779118359089	0.000000000068910532258701571378	226.203372265252852457706467248499	0.000000000002854971009345268126	-15.112184768722904948390350909904	-0.000000000035666591003492138002	-116.875410722493526805010333191603	-0.000000000007386493092399300424	-85.577242667298136780118511524051	-0.000000000017017405004393790580	342.040747521199705261096823960543	-0.000000000017017405004393790580
-0.400	0.911	-173.362036869692133222997654229403	0.000000000000003926466331647611	33.393368296899296865376527421176	0.000000000000020409171872381509	-124.572995568473075422843976411968	0.000000000000000520386729988670	308.076269106256006580224493518472	-0.000000000000009306022014801768	141.034916835479378960371832363307	-0.000000000000001512377924725355	173.362036869692133222997654229403	-0.000000000000003926466331647611	-273.719412059475644127815030515194	-0.000000000000003926466331647611
-0.300	0.011	-1008.835485326602452005317900329828	-872.670554337759085683501325547695	507.999787400109482859988929703832	323.259382081209707848756806924939	3817.142294395415319741005077958107	3312.597002496810546290362253785133	-98.542534619951140939519973471761	108.874794421362352636606374289840	-538.953961940422686893725767731667	-218.631402164789363951058476231992	1008.835485326602452005317900329828	872.670554337759085683501325547695	929.718706390814304540981538593769	872.670554337759085683501325547695
-0.300	0.111	95.477506835742786961418460123241	111.401962936659003844397375360131	-58.400703565092790370272268773988	-172.462429365311237461355631239712	1497.478538344577827956527471542358	1799.902460200224140862701460719109	474.811463037088628880155738443136	353.207279092065277836809400469065	-1073.712059016831290136906318366528	-1198.735038493348611154942773282528	-95.477506835742872226546751335263	-111.401962936659003844397375360131	-339.314901521541401052672881633043	-111.401962936659003844397375360131
-0.300	0.211	173.977042593653720814472762867808	331.197427467082036400825018063188	-183.263031557756278289161855354905	-46.668097702812119109694322105497	166.919102621651461504370672628284	359.778208337405771999328862875700	-436.683434988453257119545014575124	-110.233560564943473991661448962986	-334.419764611138987220328999683261	-455.479211755155517948878696188331	-173.977042593653692392763332463801	-331.197427467082036400825018063188	93.902863410042215264184051193297	-331.197427467082036400825018063188
-0.300	0.311	-2.431389925726938461281179115758	61.181379681415904769892222248018	-94.084561215645962306552974041551	33.966948740794201455628353869542	-137.893709242609418197389459237456	26.456126405981230220731958979741	-161.366494768259826741996221244335	-54.897073428930994509755691979080	-236.399370540978054577863076701760	-49.367131873560950339197006542236	2.431389925726754608348301189835	-61.181379681415904769892222248018	-4.505892223091830572911931085400	-61.181379681415904769892222248018
-0.300	0.411	-32.270265607874314639502699719742	3.033005505980742366745062099653	-17.321593752515944686365401139483	4.460888125195104692011227598414	-131.366222485223914873131434433162	0.715687080211412696151285217638	97.676850475312122057403030339628	-4.086324956159037569136671663728	-40.642661069695641629095916869119	-1.764884339801342738596190429234	32.270265607874478064331924542785	-3.033005505980742366745062099653	294.251236606018721886357525363564	-3.033005505980742366745062099653
-0.300	0.511	-27.938762096187261363411380443722	0.047695497162519015499348995490	-46.613467383200685389965656213462	0.125394187353099650916732343831	-168.428430577516252242276095785201	0.007122387787538536109421816178	-77.763065464749345778727729339153	-0.084117416118812682324090701513	-24.850715343778190913326398003846	-0.021837240956593145790876064893	27.938762096187197414565162034705	-0.047695497162519015499348995490	-101.144592324985978848417289555073	-0.047695497162519015499348995490
-0.300	0.611	70.416710494861177949132979847491	0.000252634585766487406149199968	-99.813659431191481985479185823351	0.001019287465928725303423996174	-138.265716819543001747661037370563	0.000026075555682834982015264741	-68.302218550735332769363594707102	-0.000546984665593040026917992513	-126.317396013290647260873811319470	-0.000095592987133272992825855363	-70.416710494861106894859403837472	-0.000252634585766487406149199968	139.067834727216393275739392265677	-0.000252634585766487406149199968
-0.300	0.711	40.459557425217298032293911091983	0.000000464063962022923371786282	150.400802770252994378097355365753	0.000002640044707444222402099388	22.955519856971868364325928268954	0.000000035119396707424393411468	617.665619149751023542194161564112	-0.000001187370756625661799836969	82.432260551073781584818789269775	-0.000000149819346353872376676820	-40.459557425217205661738262278959	-0.000000464063962022923371786282	-233.720068113714972923844470642507	-0.000000464063962022923371786282
-0.300	0.811	369.724981726798489489738130941987	0.000000000300554164205128860847	-158.450310733159852816243073903024	0.000000002282003420460964711190	669.780132497754493670072406530380	0.000000000017400672755233111275	206.217070098063686600653454661369	-0.000000000885836460679860016496	347.381003603067370022472459822893	-0.000000000084671673626964265677	-369.724981726798489489738130941987	-0.000000000300554164205128860847	-378.579764838624441836145706474781	-0.000000000300554164205128860847
-0.300	0.911	-81.333743759608992718312947545201	0.000000000000069347577158986285	-338.457071409069726541929412633181	0.000000000000675858950656544329	1699.573227736179205749067477881908	0.000000000000003171688666910578	-700.221616788840833578433375805616	-0.000000000000231129843718275782	1179.648284318648393309558741748333	-0.000000000000017336450253333211	81.333743759609006929167662747204	-0.000000000000069347577158986285	286.519523944055379161000018939376	-0.000000000000069347577158986285
-0.200	0.011	-3858.236492034817274543456733226776	-3986.738909213813258247682824730873	3944.335532645832699927268549799919	3938.105469945072854898171499371529	-6520.643704768721363507211208343506	-6725.948829526962072122842073440552	676.684711983994361617078538984060	884.244350340718938241479918360710	-497.494021947756777990434784442186	-295.941748499186473964073229581118	3858.236492034817274543456733226776	3986.738909213812348752981051802635	4188.817942813648187438957393169403	3986.738909213813258247682824730873
-0.200	0.111	303.276748580851801762037212029099	508.932652757385653785604517906904	-1961.504777687999194313306361436844	-2101.022504191154439467936754226685	-3615.056955209161515085725113749504	-3654.550141874091877980390563607216	2823.777230243168560264166444540024	2868.630362943729778635315597057343	-1867.997903889017152323503978550434	-1622.620262992097877940977923572063	-303.276748580851801762037212029099	-508.932652757385653785604517906904	-669.397176998082500176678877323866	-508.932652757385653785604517906904
-0.200	0.211	1564.855174324696235998999327421188	1513.053997469344267301494255661964	-441.282803602056560521305073052645	-568.533818422027820815856102854013	-814.298544927310786079033277928829	-730.499308377192505759012419730425	-951.044639374693815625505521893501	-895.279790566175620369904208928347	-485.154570462580579714995110407472	-616.541416270350964623503386974335	-1564.855174324696008625323884189129	-1513.053997469344267301494255661964	-1314.635896701032379496609792113304	-1513.053997469344267301494255661964
-0.200	0.311	348.402791256415923726308392360806	279.503170678633352963515790179372	542.627988974395634613756556063890	413.802147898249756963195977732539	-110.670585215451524163654539734125	-53.716933360745620973375480389223	-196.374207708848530273826327174902	-445.855510338831265926273772493005	123.378141634942551263520726934075	-66.823865100767605440523766446859	-348.402791256415923726308392360806	-279.503170678633352963515790179372	-607.606067228747178887715563178062	-279.503170678633352963515790179372
-0.200	0.411	-47.041691743167618255938577931374	13.856089222271569028066551254597	418.128622538891363547008950263262	54.344742644563297062632045708597	124.753685781392661624522588681430	-1.453142255404840987864645285299	-25.501686503684496187815966550261	-33.187752733252978032396640628576	10.668489441887865964986303879414	-2.388965867885560978578496360569	47.041691743167561412519717123359	-13.856089222271569028066551254597	-509.395555703403431380138499662280	-13.856089222271569028066551254597
-0.200	0.511	11.923081495540731822302404907532	0.217893789800676668244605593827	-183.360693133949354205469717271626	1.527613930136456410480150225339	245.459261615283082846872275695205	-0.014461407701246055054755679237	214.447921995993340260611148551106	-0.683173275904944365954918339412	-111.836737967918935510169831104577	-0.029559117341346956980840943174	-11.923081495540660768028828897513	-0.217893789800676668244605593827	-48.867399291003870587246638024226	-0.217893789800676668244605593827
-0.200	0.611	-106.928962735300274289329536259174	0.001154144743261896434091684505	-162.350895676940808698418550193310	0.012417463397897442536899070831	168.442546868191726616714731790125	-0.000052944216604687338503104632	405.697857109070355363655835390091	-0.004442424923456412405586846148	-240.453359406933202535583404824138	-0.000129395665381855926642090671	106.928962735300203235055960249156	-0.001154144743261896650932119002	-45.246427073022836395921331131831	-0.001154144743261896434091684505
-0.200	0.711	423.413925699053322659892728552222	0.000002120046155521631963005282	871.882365636887811888300348073244	0.000032162328704426173923720117	-198.488902189978517753843334503472	-0.000000071306973048623952008034	885.686286303328188296291045844555	-0.000009643424714471956108005797	15.037104603269940028553719457705	-0.000000202797031350286629942768	-423.413925699053265816473867744207	-0.000002120046155521631963005282	-877.390721930781410264899022877216	-0.000002120046155521631963005282
-0.200	0.811	1711.104206285718191793421283364296	0.000000001373062233859964316291	-1325.448533389089789125137031078339	0.000000027800492888070180259572	-879.453058086829059902811422944069	-0.000000000035330598458800533310	550.998074697543074762506876140833	-0.000000007194464888268840077830	1029.570295700224960455670952796936	-0.000000000114612461400348990779	-1711.104206285718191793421283364296	-0.000000001373062233859964316291	-1955.499335978424596760305576026440	-0.000000001373062233859964316291
-0.200	0.911	-479.493505678248936874297214671969	0.000000000000316809914973288298	-865.043940401907093473710119724274	0.000000000008233647584660737667	-4977.004703294062892382498830556870	-0.000000000000006439846338311624	-3590.258328842609898856608197093010	-0.000000000001877158616824154969	1519.499674897246222826652228832245	-0.000000000000023466800056807573	479.493505678249050561134936287999	-0.000000000000316809914973288298	1043.132996268678652995731681585312	-0.000000000000316809914973288298
-0.100	0.011	23.176195095553751457373437006027	-0.000000000002644895294736666607	17931.391312969004502519965171813965	17649.364242491385084576904773712158	-12365.508771871795033803209662437439	-12057.444542777651804499328136444092	2177.001838839168613048968836665154	1981.454120215092416401603259146214	1462.672022028820492778322659432888	1326.318899705540161448880098760128	-23.176195095553651981390430592000	0.000000000002644895294736666607	-180.149160805865619749965844675899	0.000000000002644895294736666607
-0.100	0.111	110.321743697888521751337975729257	0.000000000000337637755887381297	-8848.630255988678982248529791831970	-9416.129593567804477061145007610321	-6748.453460783982336579356342554092	-6551.422971135820262134075164794922	6529.087457480170996859669685363770	6428.154672222413864801637828350067	7018.013737789872720895800739526749	7272.079497960755361418705433607101	-110.321743697888564383902121335268	-0.000000000000337637755887381297	95.958106218336411075142677873373	-0.000000000000337637755887381297
-0.100	0.211	121.788099489950383258474175818264	0.000000000001003795204481635963	-2884.723742244531877076951786875725	-2547.991800139569022576324641704559	-1190.519431796572234816267155110836	-1309.548306497433486583759076893330	-2057.823589107084444549400359392166	-2006.182826137491929330280981957912	2761.471097915007703704759478569031	2763.146926709582658077124506235123	-121.788099489950624843004334252328	-0.000000000001003795204481635963	-257.237124596559908695780904963613	-0.000000000001003795204481635963
-0.100	0.311	128.867501161271462706281454302371	0.000000000000185428902626000591	2005.030073530053414287976920604706	1854.532563517999506075284443795681	152.239029775371591313160024583340	-96.297037253972732173679105471820	-1302.313236167889954231213778257370	-999.092883817769347842840943485498	355.355485725587584511231398209929	299.483785859855004218843532726169	-128.867501161271405862862593494356	-0.000000000000185428902626000591	-407.862027498619283960579195991158	-0.000000000000185428902626000591
-0.100	0.411	51.694423175846154094870144035667	0.000000000000009192451781264123	-200.692199416109247067652177065611	243.556239140474275473025045357645	13.605026071209993077104627445806	-2.605012705477714796131749608321	-120.256188125684204237586527597159	-74.368594346851054410763026680797	33.363102873348282173537882044911	10.706602219513399631978245452046	-51.694423175846111462305998429656	-0.000000000000009192451781264123	-575.842770999166077672271057963371	-0.000000000000009192451781264123
-0.100	0.511	61.169431441834753115927014732733	0.000000000000000144555806768344	-234.692983463462013560274499468505	6.846290654388743845970566326287	23.157552346436307999510972877033	-0.025924613134550932025401692727	184.650761670930336322271614335477	-1.530885101885123056320026080357	259.151703581491631211974890902638	0.132474773117555177925908083125	-61.169431441834660745371365919709	-0.000000000000000144555806768344	-71.144920223610512266532168723643	-0.000000000000000144555806768344
-0.100	0.611	-331.462137487318273088021669536829	0.000000000000000000765686459638	844.599382347572827711701393127441	0.055651209991679932709285338888	-32.971952382968758854531188262627	-0.000094911806757935426480041197	180.961673188622199859310057945549	-0.009954783612626007249790660580	-182.164223994589605126748210750520	0.000579911139290985007746503932	331.462137487318386774859391152859	-0.000000000000000000765686459638	-188.754759958865975022490601986647	-0.000000000000000000765686459638
-0.100	0.711	-72.355900882324093004172027576715	0.000000000000000000001406487916	2007.625535139776502546737901866436	0.000144141557031247517827246551	-300.567005227358208685473073273897	-0.000000127830272700364144499845	1457.876900624020663599367253482342	-0.000021609415571738553428363452	-538.854234555314519639068748801947	0.000000908873238899588381826608	72.355900882324007739043736364692	-0.000000000000000000001406487916	188.324420430209613641636678948998	-0.000000000000000000001406487916
-0.100	0.811	16.258927922753272810041380580515	0.000000000000000000000000910921	-6295.672153845114735304377973079681	0.000000124593165126475200000906	-2264.531950296148352208547294139862	-0.000000000063336302784523744207	1039.242794091051564464578405022621	-0.000000016121677328342713448824	-3795.189474460227756935637444257736	0.000000000513657415582487172092	-16.258927922753308337178168585524	-0.000000000000000000000000910921	433.856170337041078255424508824944	-0.000000000000000000000000910921
-0.100	0.911	23.036273521692802290772306150757	0.000000000000000000000000000210	-4901.763620333492326608393341302872	0.000000000036900648389189437000	-7803.409919167532279971055686473846	-0.000000000000011544555579627133	-8217.350184017359424615278840065002	-0.000000000004206420628155867834	-7114.804721012394111312460154294968	0.000000000000105170901330403110	-23.036273521692894661327954963781	-0.000000000000000000000000000210	-363.298541102306103312002960592508	-0.000000000000000000000000000210
-0.000	0.011	9852.118161806911302846856415271759	9819.412483990152395563200116157532	29464.269624208980530966073274612427	29098.882240929804538609459996223450	29563.334164415024133631959557533264	29819.047931947017787024378776550293	-165.084382774807551186313503421843	0.000000000000906737339355376625	-89.208711429638924528262577950954	0.000000000000910409323627340191	-9852.118161806911302846856415271759	-9819.412483990152395563200116157532	-9507.052488160190478083677589893341	-9819.412483990152395563200116157532
-0.000	0.111	-1150.269440725604908948298543691635	-1253.510640600637998431921005249023	-14893.175481930305977584794163703918	-15524.573148584195223520509898662567	15975.080674668890424072742462158203	16202.205608797577951918356120586395	171.439803744835671750479377806187	0.000000000002941601223561547260	-40.331828804832873913710500346497	0.000000000004991687126355923573	1150.269440725605136321973986923695	1253.510640600637998431921005249023	1194.076172578300429449882358312607	1253.510640600637998431921005249023
-0.000	0.211	-3596.516453018233278271509334445000	-3726.680289337420617812313139438629	-4034.945638144572967576095834374428	-4200.928278459617104090284556150436	3407.368248851110820396570488810539	3238.620221897470855765277519822121	178.188734380126106771058402955532	-0.000000000000918053493883013821	-38.314939058604537081009766552597	0.000000000001896674114488701112	3596.516453018232368776807561516762	3726.680289337420617812313139438629	3793.204934072958621982252225279808	3726.680289337420617812313139438629
-0.000	0.311	-585.269198149810449649521615356207	-688.421535991136579468729905784130	3432.728433691411282779881730675697	3057.607284678164887736784294247627	-84.611300894520113047292397823185	238.150460439041239624202717095613	253.241319096447938363780849613249	-0.000000000000457196971658105084	-31.487008671259165026867776759900	0.000000000000205571096802253472	585.269198149810677023197058588266	688.421535991136579468729905784130	555.553324084623568523966241627932	688.421535991136579468729905784130
-0.000	0.411	-99.390503157934389832917077001184	-34.127806858384325039423856651410	487.302392366122660405380884185433	401.556352082627029176364885643125	-279.426539160360903224500361829996	6.442409786947789207545156386914	-6.034648044156377011404401855543	-0.000000000000034031967069892584	-2.342633765852322191847179055912	0.000000000000007349205750727233	99.390503157934347200352931395173	34.127806858384325039423856651410	229.851299659141375286708353087306	34.127806858384325039423856651410
-0.000	0.511	-96.261717035288342003696016035974	-0.536676478815268365174517839478	557.768416603262039643595926463604	11.287625027286221524036591290496	88.843425731323691252327989786863	0.064113691664409014348002813222	61.138803945707529408082336885855	-0.000000000000000700551514153362	-171.747942082874686775539885275066	0.000000000000000090933084508119	96.261717035288555166516744066030	0.536676478815268365174517839478	-257.554703031433916748937917873263	0.536676478815268365174517839478
-0.000	0.611	-224.074666557760764362683403305709	-0.002842680084749354442463786796	1288.080196640050871792482212185860	0.091753333653482205267692961570	232.545065923748410341431736014783	0.000234724671963582227646877287	-163.900744752972798323753522709012	-0.000000000000000004555429224771	-242.283611045780077120070927776396	0.000000000000000000398061513112	224.074666557760735940973972901702	0.002842680084749354442463786796	-384.426234631420413734304020181298	0.002842680084749354442463786796
-0.000	0.711	-1163.542048858980479053570888936520	-0.000005221713325157212988935577	3271.059616397635181783698499202728	0.000237649251069253374026718495	486.062330506017531206452986225486	0.000000316134734460732169260126	-57.012745044033074748313083546236	-0.000000000000000000009888729585	139.334303949623347307351650670171	0.000000000000000000000623867059	1163.542048858980479053570888936520	0.000005221713325157212988935577	611.573913500031039802706800401211	0.000005221713325157212988935577
-0.000	0.811	-4172.769012886094969871919602155685	-0.000000003381877957771437208306	-9677.246907905917396419681608676910	0.000000205419401527873149651283	4881.236774383057309023570269346237	0.000000000156635864412521955722	282.020937519878032162523595616221	-0.000000000000000000000007377474	-36.625698311784063321283611003309	0.000000000000000000000000352584	4172.769012886095879366621375083923	0.000000003381877957771437208306	4544.284078054212841379921883344650	0.000000003381877957771437208306
-0.000	0.911	1368.862186552562661745469085872173	-0.000000000000780308744811691987	-8203.254722086991023388691246509552	0.000000000060838883901883049594	20336.315967221933533437550067901611	0.000000000000028550631517366626	-307.618379424124952947749989107251	-0.000000000000000000000000001925	27.703243582086525265140153351240	0.000000000000000000000000000072	-1368.862186552563116492819972336292	0.000000000000780308744811691987	-1514.647184986218462654505856335163	0.000000000000780308744811691987
0.100	0.011	25.553849523075818694906047312543	0.000000000003967342942105002535	17552.560300889974314486607909202576	17649.364242491395998513326048851013	-11690.490010423296553199179470539093	-12057.444542777624519658274948596954	-1778.578285985192678708699531853199	-1981.454120215092416401603259146214	-1383.338981772537408687639981508255	-1326.318899705541070943581871688366	-25.553849523075882643752265721560	-0.000000000003967342942105002535	-564.784720802980245935032144188881	-0.000000000003967342942105002535
0.100	0.111	-106.357644167372285437522805295885	-0.000000000000506456633831072324	-9467.151878597032919060438871383667	-9416.129593567809934029355645179749	-6397.953541809545640717260539531708	-6551.422971135808438702952116727829	-6526.849353355059975001495331525803	-6428.154672222413864801637828350067	-7461.532555014214267430361360311508	-7272.079497960759908892214298248291	106.357644167372285437522805295885	0.000000000000506456633831072324	-547.105296562203534449508879333735	0.000000000000506456633831072324
0.100	0.211	-2.443605565384537658957242456381	-0.000000000001505692806722454853	-2391.329599425233936926815658807755	-2547.991800139569932071026414632797	-805.103373295235314799356274306774	-1309.548306497430530725978314876556	2075.855891233818056207383051514626	2006.182826137491701956605538725853	-2927.691948499539194017415866255760	-2763.146926709583567571826279163361	2.443605565384551869811957658385	0.000000000001505692806722454853	126.923572159153636107475904282182	0.000000000001505692806722454853
0.100	0.311	-49.339026524197919343350804410875	-0.000000000000278143353939001088	1938.538751314714090767665766179562	1854.532563518001097691012546420097	67.838003061492088363593211397529	-96.297037253972547432567807845771	954.248392197227644828672055155039	999.092883817769575216516386717558	-411.227066382446878378686960786581	-299.483785859855231592518975958228	49.339026524197755918521579587832	0.000000000000278143353939001088	-645.495199826536804721399676054716	0.000000000000278143353939001088
0.100	0.411	-27.033165091754472797447306220420	-0.000000000000013788677671896207	407.484440858287825903971679508686	243.556239140474730220375931821764	-300.243676792433973332663299515843	-2.605012705477712575685700358008	-91.535145458267109574990172404796	74.368594346851139675891317892820	173.463706319933351096551632508636	-10.706602219513419171903478854802	27.033165091754462139306269818917	0.000000000000013788677671896210	342.710626459643776797747705131769	0.000000000000013788677671896207
0.100	0.511	-0.609577547229926075544881314272	-0.000000000000000216833710152516	44.824272278871234220787300728261	6.846290654388743845970566326287	-342.738162346211993281031027436256	-0.025924613134550862636462653654	-168.573231303260314462022506631911	1.530885101885122390186211305263	171.617838537165710022236453369260	-0.132474773117555150170332467496	0.609577547229952276808262467966	0.000000000000000216833710152516	59.690000603424316238942992640659	0.000000000000000216833710152516
0.100	0.611	23.162699078033703870005410863087	-0.000000000000000001148529689458	591.690681995550107785675209015608	0.055651209991679932709285338888	372.215434746292771706066560000181	-0.000094911806757935168982025231	-152.528631453668623407793347723782	0.009954783612626003780343708627	294.878533995414272794732823967934	-0.000579911139290984899326286683	-23.162699078033700317291732062586	0.000000000000000001148529689458	303.477841207440235393733019009233	0.000000000000000001148529689458
0.100	0.711	-113.625927384836813871515914797783	-0.000000000000000000002109731874	1995.828100110309833326027728617191	0.000144141557031247517827246551	-234.506859185426350222769542597234	-0.000000127830272700363826862490	-1333.997888282632175105391070246696	0.000021609415571738539875836296	569.089162068169230224157217890024	-0.000000908873238899588275947490	113.625927384836828082370629999787	0.000000000000000000002109731874	455.678971182725945254787802696228	0.000000000000000000002109731874
0.100	0.811	-36.358654470182628415386716369539	-0.000000000000000000000001366382	-6115.258476691791656776331365108490	0.000000124593165126475200000906	-1918.695231266199471065192483365536	-0.000000000063336302784523576186	-1271.780487444024856813484802842140	0.000000016121677328342703522656	3836.614595677165652887197211384773	-0.000000000513657415582487068695	36.358654470182578677395213162526	0.000000000000000000000001366382	95.548062126928854809193580877036	0.000000000000000000000001366382
0.100	0.911	-144.346351942819637770298868417740	-0.000000000000000000000000000315	-4539.889307661882412503473460674286	0.000000000036900648389189437000	-8410.772632970734775881282985210419	-0.000000000000011544555579627105	8215.157142434254637919366359710693	0.000000000004206420628155866219	7216.016958723278548859525471925735	-0.000000000000105170901330403097	144.346351942819552505170577205718	0.000000000000000000000000000315	-6.316651828528694778697172296233	0.000000000000000000000000000315
0.200	0.011	-3880.877086086779854667838662862778	-3986.738909213813258247682824730873	3789.426323900001534639159217476845	3938.105469945075128634925931692123	-6484.152900812803636654280126094818	-6725.948829526970257575158029794693	-999.381882238481352942471858114004	-884.244350340719506675668526440859	26.597713430237199361272359965369	295.941748499186019216722343116999	3880.877086086779854667838662862778	3986.738909213813258247682824730873	4144.274734603130127652548253536224	3986.738909213813258247682824730873
0.200	0.111	454.449268094866056344471871852875	508.932652757385653785604517906904	-1848.708504441680361196631565690041	-2101.022504191155803709989413619041	-3878.458761383467390260193496942520	-3654.550141874095515959197655320168	-2606.775701733208279620157554745674	-2868.630362943730688130017369985580	1966.220826297946587146725505590439	1622.620262992095376830548048019409	-454.449268094865715283958707004786	-508.932652757385653785604517906904	-194.697496044101200141085428185761	-508.932652757385653785604517906904
0.200	0.211	1683.806828869320497688022442162037	1513.053997469344494675169698894024	-128.638475607225046815074165351689	-568.533818422028389250044710934162	-708.444156595263279996288474649191	-730.499308377193301566876471042633	864.326706864324592061166185885668	895.279790566176188804092817008495	636.061867864140936035255435854197	616.541416270350055128801614046097	-1683.806828869320725061697885394096	-1513.053997469344494675169698894024	-1334.603990191589673486305400729179	-1513.053997469344494675169698894024
0.200	0.311	177.131855624528327552980044856668	279.503170678633182433259207755327	596.197437789470654934120830148458	413.802147898249756963195977732539	155.819605982683299316704506054521	-53.716933360745635184230195591226	483.507095475941923723439686000347	445.855510338831152239436050876975	285.241323933672560997365508228540	66.823865100767449121121899224818	-177.131855624528412818108336068690	-279.503170678633125589840346947312	-482.360778352866532259213272482157	-279.503170678633182433259207755327
0.200	0.411	124.922184839561694502663158345968	13.856089222271558369925514853094	258.868568121877501653216313570738	54.344742644563297062632045708597	-354.472889016949693541391752660275	-1.453142255404841653998460060393	3.726380644877565817552067528595	33.187752733252963821541925426573	-171.815178451778308499342529103160	2.388965867885555205418768309755	-124.922184839561694502663158345968	-13.856089222271558369925514853094	56.989029620390795116691151633859	-13.856089222271558369925514853094
0.200	0.511	142.517342137877847108029527589679	0.217893789800677251111693522034	339.306785034893664487753994762897	1.527613930136461517506063501060	159.116676681753631328319897875190	-0.014461407701246110565906910495	-166.913354005376106670155422762036	0.683173275904946475378665127209	481.103211626075278672942658886313	0.029559117341346991675310462711	-142.517342137877619734354084357619	-0.217893789800677251111693522034	-587.874444505286419371259398758411	-0.217893789800677251111693522034
0.200	0.611	90.161491809041038436589587945491	0.001154144743261899903538636458	1.435428394076544433843878323387	0.012417463397897487639709446228	-468.579929230397169703792314976454	-0.000052944216604687555343539129	-19.425118350553287172033378737979	0.004442424923456427150736391951	143.408839913821481104605481959879	0.000129395665381856116377470856	-90.161491809041152123427309561521	-0.001154144743261900120379070955	632.432198118953124321706127375364	-0.001154144743261899903538636458
0.200	0.711	387.822031653837655085226288065314	0.000002120046155521629845422914	497.933714912859556989133125171065	0.000032162328704426173923720117	442.562614003311921351269120350480	-0.000000071306973048623978477813	-561.718422428589519768138416111469	0.000009643424714471954413939903	-305.977771650006445725011872127652	0.000000202797031350286179956515	-387.822031653837655085226288065314	-0.000002120046155521630268939387	-258.160532332145635336928535252810	-0.000002120046155521629845422914
0.200	0.811	1558.328145673959397754515521228313	0.000000001373062233859963282315	-1057.262550557668419060064479708672	0.000000027800492888070180259572	-1172.102906262781289115082472562790	-0.000000000035330598458800546235	-426.663237435168980482558254152536	0.000000007194464888268837596288	-925.033482819650657802412752062082	0.000000000114612461400348732285	-1558.328145673958943007164634764194	-0.000000001373062233859963282315	-1379.890333302845192520180717110634	-0.000000001373062233859963282315
0.200	0.911	-614.196152416579593591450247913599	0.000000000000316809914973288096	-590.277992678659870762203354388475	0.000000000008233647584660737667	-4411.688754952963790856301784515381	-0.000000000000006439846338311625	3411.044729362296493491157889366150	0.000000000001877158616824154161	-1731.926778853356381659978069365025	0.000000000000023466800056807520	614.196152416579820965125691145658	-0.000000000000316809914973287995	330.502409594198297781986184418201	-0.000000000000316809914973288096
0.300	0.011	-1068.423209348913132998859509825706	-872.670554337760563612391706556082	1008.098054729312252675299532711506	323.259382081210276282945415005088	2895.383257693153154832543805241585	3312.597002496813274774467572569847	-91.075241497978424831671873107553	-108.874794421362537377717671915889	287.190859269303814471641089767218	218.631402164789648168152780272067	1068.423209348913132998859509825706	872.670554337760563612391706556082	740.895941573279401382023934274912	872.670554337760563612391706556082
0.300	0.111	115.799730679226740903686732053757	111.401962936659160163799242582172	-709.622931380795193945232313126326	-172.462429365311493256740504875779	2137.884536094659324589883908629417	1799.902460200225732478429563343525	-208.688986296597704495070502161980	-353.207279092065846270998008549213	1450.510736103540466501726768910885	1198.735038493350202770670875906944	-115.799730679226627216849010437727	-111.401962936659188585508672986180	-148.323584056948391207697568461299	-111.401962936659160163799242582172
0.300	0.211	306.499173902353902576578548178077	331.197427467082320617919322103262	-342.857522410270007640065159648657	-46.668097702812161742258467711508	496.831469901944672074023401364684	359.778208337405771999328862875700	283.271876253629500297392951324582	110.233560564943559256789740175009	394.051321487210941540979547426105	455.479211755155745322554139420390	-306.499173902353959419997408986092	-331.197427467082320617919322103262	-163.572737055846658904556534253061	-331.197427467082320617919322103262
0.300	0.311	21.979803067051122411612595897168	61.181379681415890559037507046014	139.594034024757064571531373076141	33.966948740794201455628353869542	130.452160915379096195465535856783	26.456126405981201799022528575733	4.899907604707278707678597129416	54.897073428930987404328334378079	22.666654125437155187228199793026	49.367131873560936128342291340232	-21.979803067051253862018711515702	-61.181379681415890559037507046014	-125.932943526482162610591331031173	-61.181379681415890559037507046014
0.300	0.411	65.965032721086288347578374668956	3.033005505980752580796888651093	-366.269475210068719661649083718657	4.460888125195120679222782200668	-20.244477604070620913034872501157	0.715687080211414583530427080404	-31.285837535272509768446980160661	4.086324956159051779991386865731	-251.933451514657576808531302958727	1.764884339801348511755918480048	-65.965032721086373612706665880978	-3.033005505980752580796888651093	394.961791954057048315007705241442	-3.033005505980752580796888651093
0.300	0.511	78.741546901061653329634282272309	0.047695497162519008560455091583	169.894932692869616630559903569520	0.125394187353099650916732343831	-175.251320819851798660238273441792	0.007122387787538530905251388248	238.600958941780817212929832749069	0.084117416118812668446302893699	-3.852386702524925876645056632697	0.021837240956593135382535209033	-78.741546901061781227326719090343	-0.047695497162519008560455091583	-369.496658357461001287447288632393	-0.047695497162519008560455091583
0.300	0.611	191.092661041899503970853402279317	0.000252634585766487406149199968	151.650254010346657196350861340761	0.001019287465928725303423996174	352.276400448253468766779405996203	0.000026075555682834954910210429	-144.415098876197419031086610630155	0.000546984665593039918497775265	-199.277925824625384620958357118070	0.000095592987133272952168273895	-191.092661041899418705725111067295	-0.000252634585766487406149199968	-58.338976041596851018766756169498	-0.000252634585766487406149199968
0.300	0.711	44.690033179579501165790134109557	0.000000464063962022923212967604	84.303147395260154439711186569184	0.000002640044707444222402099388	285.742498654967050697450758889318	0.000000035119396707424360324243	-219.833360666122473503492074087262	0.000001187370756625661376320495	-78.412921966544217866612598299980	0.000000149819346353872297267481	-44.690033179579458533225988503546	-0.000000464063962022923212967604	270.296181393560004835308063775301	-0.000000464063962022923212967604
0.300	0.811	429.827830869212391462497180327773	0.000000000300554164205128860847	12.623770340753045715587177255657	0.000000002282003420460964711190	734.934402802874501503538340330124	0.000000000017400672755233095119	-165.724946772835778574517462402582	0.000000000885836460679859809701	-669.003197700559439908829517662525	0.000000000084671673626964226903	-429.827830869212164088821737095714	-0.000000000300554164205128860847	-702.162299337379749886167701333761	-0.000000000300554164205128860847
0.300	0.911	14.399965519714273298745865758974	0.000000000000069347577158986752	-194.445899709128156018778099678457	0.000000000000675858950656549074	2084.924263573280313721625134348869	0.000000000000003171688666910598	437.234494414371226866933284327388	0.000000000000231129843718277347	-1061.260894489523479933268390595913	0.000000000000017336450253333327	-14.399965519714250206106953555718	-0.000000000000069347577158986765	278.885854249688634354242822155356	-0.000000000000069347577158986752
0.400	0.011	-110.057987941031228729116264730692	-49.410688745071020377963577629998	-176.516083419972062529268441721797	9.761587505568044775827729608864	336.227710085082549085200298577547	543.505905823570401480537839233875	-272.096731665458833049342501908541	-4.383645216223975182856520405039	149.664044117381422438484150916338	19.072722584728964534406259190291	110.057987941031257150825695134699	49.410688745071006167108862427995	-329.320138322792502094671363011003	49.410688745071020377963577629998
0.400	0.111	56.492682192916774397417611908168	6.307589603994768978623142174911	-244.576375315065547511039767414331	-5.207914105488828049317362456350	231.757873724426389117070357315242	295.314406276360386982560157775879	198.735854807805765176453860476613	-14.221247512395954970543243689463	192.734317801712990103624179027975	104.573911228659611083458003122360	-56.492682192916774397417611908168	-6.307589603994768978623142174911	484.295550644628633563115727156401	-6.307589603994768978623142174911
0.400	0.211	-36.566930419645821359608817147091	18.752429448204388506837858585641	61.290207686319853053191764047369	-1.409254439922040358368349188822	320.512765170189595664851367473602	59.029692072599594609982887050137	34.109194093737535524724080460146	4.438353459182625471157734864391	30.981221225271397656797489617020	39.734587817212428717539296485484	36.566930419645750305335241137072	-18.752429448204388506837858585641	-392.102517756029328666045330464840	-18.752429448204388506837858585641
0.400	0.311	-118.082263107089460163479088805616	3.464095463524049289816275631892	38.178542797497897254288545809686	1.025712974811999078639246363309	682.878937940409286966314539313316	4.340721475032346177158615319058	-27.910312379961194295674431486987	2.210330633462132432498492562445	-68.843435854772849324945127591491	4.306634827866446357802487909794	118.082263107089701748009247239679	-3.464095463524048845727065781830	-41.571406312699927809717337368056	-3.464095463524049289816275631892
0.400	0.411	139.912845685619004143518395721912	0.171729056598945162281921739122	181.590371276837544201043783687055	0.134707149120584818158263828991	-245.764652883844632924592588096857	0.117424532632054393066489694775	-99.340063660144949153618654236197	0.164528428652431918388643339313	-38.651933627693779271794483065605	0.153963012970077667285195843760	-139.912845685619174673774978145957	-0.171729056598945190037497354751	-143.859126670319596996705513447523	-0.171729056598945162281921739122
0.400	0.511	110.058682247930420317061361856759	0.002700523528752555007387270436	260.625000815324938230332918465137	0.003786576354431604556072255008	-176.778315814197668487395276315510	0.001168587613638224012579946987	-167.125877627030234862104407511652	0.003386834489379346099791057156	-178.203134472948534039460355415940	0.001905012887705207283439712285	-110.058682247930434527916077058762	-0.002700523528752555007387270436	-184.475014198538815435313154011965	-0.002700523528752555007387270436
0.400	0.611	218.077758107477052362810354679823	0.000014304193972742354005176814	87.511976919458987822508788667619	0.000030779814426213234694433563	52.582517223486277657684695441276	0.000004278280304114919391526503	57.317537901110995335329789668322	0.000022023340897389000864713127	-208.357029870244531366552109830081	0.000008339234467628171823734042	-218.077758107476967097682063467801	-0.000014304193972742354005176814	-29.325166947506502879150502849370	-0.000014304193972742354005176814
0.400	0.711	70.323900298576020873042580205947	0.000000026275345113161936959159	66.218213426521828068871400319040	0.000000079722442282755287149831	-7.117654081929676301854215125786	0.000000005762125457777973542753	-38.990572255698495496289979200810	0.000000047807320003031043182330	68.118619031979704914192552678287	0.000000013069773154905962110321	-70.323900298575935607914288993925	-0.000000026275345113161936959159	228.366153292603939917171373963356	-0.000000026275345113161936959159
0.400	0.811	-63.025766540284756445089442422614	0.000000000017017405004393790580	198.654236860678793163970112800598	0.000000000068910532258701571378	194.868653124886691330175381153822	0.000000000002854971009345268126	-38.260342841144570513733924599364	0.000000000035666591003492138002	-254.459353280698280741489725187421	0.000000000007386493092399300424	63.025766540284806183080945629627	-0.000000000017017405004393790580	-94.474623220020049529921379871666	-0.000000000017017405004393790580
0.400	0.911	-25.865916065226691955558635527268	0.000000000000003926466331647611	56.408285774167438830772880464792	0.000000000000020409171872381509	837.505414069812786692637018859386	0.000000000000000520386729988670	-173.854936994342239131583482958376	0.000000000000009306022014801768	-78.295167339859887079001055099070	0.000000000000001512377924725355	25.865916065226763009832211537287	-0.000000000000003926466331647611	-334.995590714088677941617788746953	-0.000000000000003926466331647611
0.500	0.011	-54.792076795114539322639757301658	-0.878245072353862177294558932772	-40.601286801507306734038138529286	0.108441441807105146133416440080	-285.602980403120398023020243272185	17.705956430523759337347655673511	-231.824380299983317854639608412981	-0.060872374414893459793063357210	2.339170696792722381474050052930	0.448205173241291776609074304361	54.792076795114425635802035685629	0.878245072353862177294558932772	439.704405355097094343364005908370	0.878245072353862177294558932772
0.500	0.111	-61.700610776819182490271487040445	0.112113585720689648561609885746	-566.237943520381236339744646102190	-0.057854699769338678583263657629	564.279213242626838109572418034077	9.620546814320283246502185647842	-116.050015422394309894116304349154	-0.197479736730867078131623770787	134.465397700618439102981938049197	2.457466037716541151780802465510	61.700610776819218017408275045455	-0.112113585720689676317185501375	-144.552580219949305728732724674046	-0.112113585720689648561609885746
0.500	0.211	-140.544846389595818436646368354559	0.333313078117977001912919376991	197.405590173723197722210898064077	-0.015655402694596542295668584188	-208.034020673231594855678849853575	1.923028148812715221183111680148	302.942835155177306205587228760123	0.061632066516944444822811988161	-215.123487166003968695804360322654	0.933754881463245145489793230809	140.544846389595875280065229162574	-0.333313078117977001912919376991	226.662171291297539710285491310060	-0.333313078117977001912919376991
0.500	0.311	75.394717133295984012875123880804	0.061572199219887359389336012327	125.893043522992130078819172922522	0.011394641886416737378007191239	-292.161639387151410574006149545312	0.141408997566459054828769126289	188.545333773496651019740966148674	0.030693194194377240030524589542	82.990046595333893719725892879069	0.101205058718589244182162190100	-75.394717133296211386550567112863	-0.061572199219887359389336012327	-119.002012745288311634794808924198	-0.061572199219887359389336012327
0.500	0.411	-73.519614335998724641285662073642	0.003052379992437278220795970896	-47.152446846268858848816307727247	0.001496461253257066938843200532	222.838865546869755007719504646957	0.003825374547691984088160221944	-90.438885183860250549514603335410	0.002284682180427891062812761902	5.960747859440324702973157400265	0.003618100069061812654180876336	73.519614335998682008721516467631	-0.003052379992437278220795970896	-65.862161253472805810815771110356	-0.003052379992437278220795970896
0.500	0.511	-129.107597856324019858220708556473	0.000048000170451766600843417770	92.408742589088546992570627480745	0.000042065063613171016650670031	243.034989228636163716146256774664	0.000038069432458098619097112969	51.015494222785250144625024404377	0.000047030415772643671754992684	29.964057458321633475861744955182	0.000044767422562128117620190021	129.107597856324048279930138960481	-0.000048000170451766607619681348	289.703917439940596523229032754898	-0.000048000170451766600843417770
0.500	0.611	147.937089340608252996389637701213	0.000000254248386120865101871197	-176.052373362298567371908575296402	0.000000341932851908542161284193	280.815386135512028431548969820142	0.000000139374832638554648687302	199.851993271722136569223948754370	0.000000305821522237029660278989	128.025690476881692347888019867241	0.000000195970345222536791936105	-147.937089340608196152970776893198	-0.000000254248386120865101871197	-246.553593376803718228984507732093	-0.000000254248386120865101871197
0.500	0.711	-14.203676493013775328222436655778	0.000000000467028348645183912238	273.765426549067058203945634886622	0.000000000885636335339357013204	239.099662319478483141210745088756	0.000000000187714505416519482041	-161.880008680866467329906299710274	0.000000000663864190520397079437	4.772630846107003499412257951917	0.000000000307137060013095943964	14.203676493013821513500261062291	-0.000000000467028348645183912238	393.770012645625342884159181267023	-0.000000000467028348645183912238
0.500	0.811	-46.301741094090964168117352528498	0.000000000000302474069253886833	7.851904521337684350612562411698	0.000000000000765526864310356035	197.140307779528768605814548209310	0.000000000000093007254861891365	24.531372641570886372619497706182	0.000000000000495275044985876551	-90.795021341645679058274254202843	0.000000000000173581113101031952	46.301741094090964168117352528498	-0.000000000000302474069253886783	-276.373780960849842358584282919765	-0.000000000000302474069253886833
0.500	0.911	139.685006683890293288641260005534	0.000000000000000069790561417278	-118.959998183255123649360029958189	0.000000000000000226725419678680	-168.024898681778353193294606171548	0.000000000000000016952796040441	-71.325435225261969662824412807822	0.000000000000000129225707934050	-167.342699735158191742812050506473	0.000000000000000035540579314071	-139.685006683890463818897842429578	-0.000000000000000069790561417278	67.305366967654009613397647626698	-0.000000000000000069790561417278
