-0.500	-0.500	-23.573949013523989748364328988828	-0.000000033331065275913756340568	136.329860630891744222026318311691	0.000165960929186320595325743188	308.666022573694817765499465167522	0.000165960929186320595325743188	-223.116665708367065690254094079137	0.000076383691257302338377399575	145.391483439700181179432547651231	0.000076383691257302338377399575	23.573949013523982642936971387826	-0.000079994556662192978159671430	15.938635562418530966510843427386	-0.000079994556662192978159671430
-0.500	-0.400	-23.411612339800388582489176769741	-0.000003000366879328192153651711	38.517856221167519947812252212316	0.011001345224203372061277939054	63.490210122565152062179549830034	0.014939326753321624866033268120	-12.395353264896220579771579650696	0.003250397452605541508824371633	224.489582016273118370008887723088	0.005500672612101684295915493550	23.411612339800448978621716378257	-0.004500550318992287308905719811	60.501994416767729489947669208050	-0.004500550318992287308905719811
-0.500	-0.300	60.481068930850241827101854141802	-0.000099358505250844329423354218	-2.879790105471970562689421058167	0.309253347593253014036207559911	350.613896386371379776392132043839	0.494722557394829065557928515773	-39.422462100725596201300504617393	0.037259439469066624184279135079	-105.355753791218603510060347616673	0.136617944719910927586781212995	-60.481068930850248932529211742803	-0.079486804200675442722001662332	-370.502600240571950962475966662169	-0.079486804200675442722001662332
-0.500	-0.200	126.902498496599804411744116805494	-0.001210434390162933027124125829	548.536406777521960975718684494495	3.590955357483368803883649889030	294.496395067510661647247616201639	6.026954567686272135063063615235	74.472285322723635658803686965257	0.050434766256788908511676794433	-141.219857101928141673852223902941	1.109564857649355307245286894613	-126.902498496599690724906395189464	-0.363130317048879991403964595520	-35.717939454032986645870551001281	-0.363130317048879991403964595520
-0.500	-0.100	-141.641009539172472386781009845436	-0.005424790576754538740100741734	-273.716230903538360053062206134200	16.161355259914564896916999714449	-638.625803672881488637358415871859	27.010936413423642932229995494708	-88.674069600590200934675522148609	-0.226032940698105783150495540212	263.143681844653031021152855828404	2.486362347679163864455631482997	141.641009539172586073618731461465	-0.000000000000000240909096083299	697.706236796332404992426745593548	-0.000000000000000240909096083299
-0.500	-0.000	-38.247577355383008068656636169180	-0.008943967612988823479014399709	-364.283262170474984031898202374578	26.831902838966470881132408976555	-334.180443079328370004077441990376	44.533505406340196941528120078146	-41.985622406336872813881200272590	-0.000000000000000155153105866280	240.331587403358525989460758864880	0.000000000000001137789443019383	38.247577355382908592673629755154	0.894396761298882125856835045852	406.349444257188736173702636733651	0.894396761298882125856835045852
-0.500	0.100	112.550309854894749150844290852547	-0.005424790576754538740100741734	-179.044891335786360286874696612358	16.161355259914564896916999714449	-185.592126251434905270798481069505	27.010936413423642932229995494708	95.626872496717751914729888085276	0.226032940698105755394919924584	-182.414433929083457996966899372637	-2.486362347679162532188001932809	-112.550309854894663885715999640524	0.000000000000000361363644124948	115.126677268989922708897211123258	0.000000000000000361363644124948
-0.500	0.200	39.875539602321616428071138216183	-0.001210434390162935195528470800	422.406921750723142849892610684037	3.590955357483374577043377939845	-169.811938589153868406356195919216	6.026954567686281905025680316612	-35.175046328319062638456671265885	-0.050434766256788880756101178804	16.725829903342148696765434578992	-1.109564857649356861557521369832	-39.875539602321481424951343797147	-0.363130317048880324470871983067	-88.863128736204217261729354504496	-0.363130317048880324470871983067
-0.500	0.300	154.465815625008815459295874461532	-0.000099358505250844329423354218	58.789249592415586675997474230826	0.309253347593253014036207559911	362.983146443353064114489825442433	0.494722557394829065557928515773	-72.925964619453353066091949585825	-0.037259439469066610306491327265	-14.770293166170803900172359135468	-0.136617944719910899831205597366	-154.465815625008872302714735269547	-0.079486804200675428844213854518	196.708017097286614216500311158597	-0.079486804200675428844213854518
-0.500	0.400	78.836967488941695592075120657682	-0.000003000366879328192153651711	-407.382425789442038421839242801070	0.011001345224203372061277939054	459.530107848190993991011055186391	0.014939326753321624866033268120	205.324958031562402993586147204041	-0.003250397452605541508824371633	121.577235084767877992817375343293	-0.005500672612101684295915493550	-78.836967488941652959510975051671	-0.004500550318992287308905719811	298.526207471846532826020848006010	-0.004500550318992287308905719811
-0.500	0.500	-48.622950958749846961381990695372	-0.000000033331065275913756340568	-296.890171772742689881852129474282	0.000165960929186320595325743188	-425.473511360546353898826055228710	0.000165960929186320595325743188	179.202814565124839418785995803773	-0.000076383691257302338377399575	-149.444804914459751898903050459921	-0.000076383691257302338377399575	48.622950958749775907108414685354	-0.000079994556662192978159671430	-444.583181678455503060831688344479	-0.000079994556662192978159671430
-0.400	-0.500	-144.136044626339469232334522530437	-0.000001875229299580120307790556	81.829497439234046396450139582157	0.014939326753321624866033268120	14.182567738999440010161379177589	0.011001345224203372061277939054	238.895518437962806501673185266554	0.005500672612101684295915493550	-63.130395549948822520036628702655	0.003250397452605541508824371633	144.136044626339383967206231318414	-0.004500550318992287308905719811	-505.197778250505791675095679238439	-0.004500550318992287308905719811
-0.400	-0.400	77.340991381726198028445651289076	-0.000168802762078888642658172636	-161.828057642576482066942844539881	0.990309537529480032880258022487	26.661680785403206073169712908566	0.990309537529480032880258022487	-7.942908241111462430694700742606	0.234073163416058882546622044174	56.297604948674816682796517852694	0.234073163416058882546622044174	-77.340991381726198028445651289076	-0.253204143118332891670974049703	176.465348385042233303465764038265	-0.253204143118332891670974049703
-0.400	-0.300	-112.647376372591494941843848209828	-0.005589979758118005133404881946	20.527423488414182628503112937324	27.838099195427670196067992947064	-146.314764319206091158775961957872	32.794547914292301982186472741887	250.873715351147438923362642526627	2.683190283896642380767616486992	74.606839219860418666030454915017	5.813578948442725824463650496909	112.647376372591608628681569825858	-4.471983806494403523856817628257	128.719383308083934025489725172520	-4.471983806494403523856817628257
-0.400	-0.200	-66.919871540947497123852372169495	-0.068099894643727260090670938553	-75.560537348104517718638817314059	323.247499908892109488078858703375	400.206515077615449627046473324299	399.519381909866638125095050781965	235.412320315929463276916067115963	3.631994380998789129222359406413	242.398092602400424766528885811567	47.215926952984240472233068430796	66.919871540947525545561802573502	-20.429968393118183911383312079124	-79.178441958842512349292519502342	-20.429968393118180358669633278623
-0.400	-0.100	-28.061749764303950627208905643784	-0.305202553515966201747033892389	289.111749827186486072605475783348	1454.798838426105476173688657581806	332.313062324035115580045385286212	1790.521647293668365819030441343784	-88.501872321796128062487696297467	-16.277469520851528983484968193807	1.810797262844979105267384511535	105.803551885534957932577526662499	28.061749764304114052038130466826	-0.000000000000013553716083512685	-51.002149782582442583134252345189	-0.000000000000013553716083512685
-0.400	-0.000	45.762429562471524491229502018541	-0.503193941853767645611128500605	232.600970518438032286212546750903	2415.330920898084968939656391739845	610.333283323903060590964742004871	2952.071125542103800398763269186020	46.738063673902630057455098722130	-0.000000000000011173150001958902	76.098774111624024385491793509573	0.000000000000048416983341821903	-45.762429562471609756357793230563	50.319394185376751238436554558575	-269.416197653751339657901553437114	50.319394185376751238436554558575
-0.400	0.100	-32.677193264014071871770283905789	-0.305202553515966201747033892389	-126.952805465091898895479971542954	1454.798838426105476173688657581806	792.218700932492083666147664189339	1790.521647293668365819030441343784	-275.647175297082583256269572302699	16.277469520851528983484968193807	-6.569675558471818277439524536021	-105.803551885534915300013381056488	32.677193264014192664035363122821	0.000000000000020330574125269027	-577.242863219625974124937783926725	0.000000000000020330574125269027
-0.400	0.200	-57.417136739844991666359419468790	-0.068099894643727398868549016697	219.121048859633788197243120521307	323.247499908892677922267466783524	394.337598144147420953231630846858	399.519381909867377089540241286159	126.143854293328203652890806552023	-3.631994380998787352865520006162	-86.167069420041698890599946025759	-47.215926952984311526506644440815	57.417136739844977455504704266787	-20.429968393118201674951706081629	-775.668249386174920800840482115746	-20.429968393118208780379063682631
-0.400	0.300	7.273206961325309194421606662218	-0.005589979758118015541745737806	-284.897581806278026306245010346174	27.838099195427716381345817353576	230.892401487379942182087688706815	32.794547914292358825605333549902	-47.362915231429624896009045187384	-2.683190283896646377570505137555	219.046259655181188463757280260324	-5.813578948442734706247847498162	-7.273206961325504593673940689769	-4.471983806494409741105755529134	79.929233242108239210210740566254	-4.471983806494409741105755529134
-0.400	0.400	106.186289727409572947181004565209	-0.000168802762078888642658172636	710.662646484493734533316455781460	0.990309537529480032880258022487	57.258484554447448999781045131385	0.990309537529480032880258022487	68.820155358722615801525535061955	-0.234073163416058882546622044174	243.104929205041145223731291480362	-0.234073163416058882546622044174	-106.186289727409572947181004565209	-0.253204143118332891670974049703	-264.345395578649458911968395113945	-0.253204143118332891670974049703
-0.400	0.500	196.137171632366715812167967669666	-0.000001875229299580120307790556	-57.300209529594212654046714305878	0.014939326753321624866033268120	11.796504288615556887975799327251	0.011001345224203372061277939054	212.429228806462845113856019452214	-0.005500672612101684295915493550	-145.336475447795180571119999513030	-0.003250397452605541508824371633	-196.137171632366658968749106861651	-0.004500550318992287308905719811	51.956985373689143159481318434700	-0.004500550318992287308905719811
-0.300	-0.500	-54.142967419538358342379069654271	-0.000033119501750281445399872599	-53.456439177676038809750025393441	0.494722557394829065557928515773	96.275339099253855579263472463936	0.309253347593253014036207559911	-146.216283540763470227830111980438	0.136617944719910927586781212995	81.544898919397411418685805983841	0.037259439469066624184279135079	54.142967419538273077250778442249	-0.079486804200675442722001662332	-287.076964872157702757249353453517	-0.079486804200675442722001662332
-0.300	-0.400	112.461644442766299789582262746990	-0.002981322537662936100061328304	-31.885651463548565942573986831121	32.794547914292301982186472741887	937.581102301895839445933233946562	27.838099195427670196067992947064	-312.703306411642415696405805647373	5.813578948442725824463650496909	201.114289107104497134059784002602	2.683190283896642380767616486992	-112.461644442766257157018117140979	-4.471983806494403523856817628257	-416.185168421863295407092664390802	-4.471983806494403523856817628257
-0.300	-0.300	-104.144286394604890233495098073035	-0.098727843269343626420031512225	-254.187306289113138291213545016944	921.871236527496080270793754607439	159.897248031516966193521511740983	921.871236527496080270793754607439	200.467321670117485155060421675444	66.641294206806961142319778446108	173.467639639472736234893091022968	66.641294206806961142319778446108	104.144286394604861811785667669028	-78.982274615474892698330222629011	-187.024785668031910290665109641850	-78.982274615474892698330222629011
-0.300	-0.200	309.832077105991345433722017332911	-1.202751354382057602521172157140	-688.744327005602599456324242055416	10704.487054000313946744427084922791	306.791374491216174646979197859764	11230.690771542464062804356217384338	-283.574067596148779557552188634872	90.206351578654377476595982443541	551.939054951439175056293606758118	541.238109471926009064191021025181	-309.832077105991231746884295716882	-360.825406314617339376127347350121	-161.855742070702689261452178470790	-360.825406314617339376127347350121
-0.300	-0.100	-11.426392660789701949397567659616	-5.390357599268368105072113394272	-131.053953860374633677565725520253	48176.321043461037334054708480834961	1735.437618130195915000513195991516	50332.464083168379147537052631378174	-625.742824896053434713394381105900	-404.276819945127613209479022771120	1227.195841348530166214914061129093	1212.830459835383180688950233161449	11.426392660789623789696634048596	-0.000000000000239379964706836958	377.551174200287562143785180523992	-0.000000000000239379964706836958
-0.300	-0.000	-994.608695714731538828345946967602	-8.887197230593843144674792711157	108.120605500792635211837477982044	79984.775075344587094150483608245850	3501.722813277128807385452091693878	82984.204140670015476644039154052734	-249.009660158707418986523407511413	-0.000000000000277502934087849689	-151.120675774645718547617434524000	0.000000000000555005868175699379	994.608695714731538828345946967602	888.719723059384136831795331090689	1035.043168368749547880725003778934	888.719723059384136831795331090689
-0.300	0.100	49.084152132916933908290957333520	-5.390357599268372545964211894898	-698.894529099399733240716159343719	48176.321043461080989800393581390381	2076.915393243522430566372349858284	50332.464083168422803282737731933594	-1.176758127032049294768967229174	404.276819945127897426573326811194	-1264.880133594965172960655763745308	-1212.830459835383635436301119625568	-49.084152132916955224573030136526	0.000000000000359069947060255715	123.719974797498409202489710878581	0.000000000000359069947060255715
-0.300	0.200	325.299494354957573705178219825029	-1.202751354382058934788801707327	-421.826146728798164531326619908214	10704.487054000324860680848360061646	102.062316373274313718866324052215	11230.690771542474976740777492523193	133.762066939411425892103579826653	-90.206351578654263789758260827512	-313.783035795880437035521026700735	-541.238109471926350124704185873270	-325.299494354957914765691384673119	-360.825406314617396219546208158135	-575.710600703085106033540796488523	-360.825406314617396219546208158135
-0.300	0.300	238.109008872352262642380082979798	-0.098727843269343626420031512225	93.372668161228588701305852737278	921.871236527496080270793754607439	-3.503046132698510728431529059890	921.871236527496080270793754607439	-13.562455365020774422646354651079	-66.641294206806932720610348042101	-158.329010074617627878978964872658	-66.641294206806946931465063244104	-238.109008872352461594346095807850	-78.982274615474878487475507427007	-337.831154769310899155243532732129	-78.982274615474878487475507427007
-0.300	0.400	128.485484224914671358419582247734	-0.002981322537662936100061328304	-435.134512027945277168328175321221	32.794547914292301982186472741887	82.752769067123338686542410869151	27.838099195427670196067992947064	-226.177594212742292256734799593687	-5.813578948442725824463650496909	-282.473361760612817761284532025456	-2.683190283896642380767616486992	-128.485484224914557671581860631704	-4.471983806494403523856817628257	-271.416394143541936045949114486575	-4.471983806494403523856817628257
-0.300	0.500	45.948237535477439053011039504781	-0.000033119501750281445399872599	-216.365759539301478753259289078414	0.494722557394829065557928515773	542.118557988774114164698403328657	0.309253347593253014036207559911	200.058585335376932334838784299791	-0.136617944719910927586781212995	134.545499767016622172377537935972	-0.037259439469066624184279135079	-45.948237535477439053011039504781	-0.079486804200675442722001662332	33.243059800626227229258802253753	-0.079486804200675442722001662332
-0.200	-0.500	166.356514632181983870395924896002	-0.000151304298770366709705678665	712.581120793693230552889872342348	6.026954567686272135063063615235	188.579348280321312358864815905690	3.590955357483368803883649889030	-139.023556213101187495340127497911	1.109564857649355307245286894613	-206.926662293961072691672598011792	0.050434766256788915450570698340	-166.356514632182097557233646512032	-0.363130317048879991403964595520	154.667030817690886124182725325227	-0.363130317048879991403964595520
-0.200	-0.400	-22.707127303642945292949661961757	-0.013619978928745458610083396422	-203.076882078739458847849164158106	399.519381909866638125095050781965	61.114837967301376409068325301632	323.247499908892109488078858703375	164.553050871403115706925746053457	47.215926952984240472233068430796	-6.122580669790176344235987926368	3.631994380998789129222359406413	22.707127303643009241795880370773	-20.429968393118180358669633278623	-86.925837899658787932821724098176	-20.429968393118183911383312079124
-0.200	-0.300	476.409167422671885105955880135298	-0.451031757893271767478893252701	238.077482944924156527122249826789	11230.690771542464062804356217384338	119.292760073579884760874847415835	10704.487054000313946744427084922791	568.706378029161669473978690803051	541.238109471926122751028742641211	174.570457702584917569765821099281	90.206351578654377476595982443541	-476.409167422671885105955880135298	-360.825406314617339376127347350121	-647.517330281729755370179191231728	-360.825406314617339376127347350121
-0.200	-0.200	1593.848000146570711876847781240940	-5.494691666620250103392208984587	-700.648997285025188830331899225712	130407.348887787229614332318305969238	-817.171634157592961855698376893997	130407.348887787229614332318305969238	582.041939804528055901755578815937	732.625555549366936247679404914379	767.095901786096192154218442738056	732.625555549366936247679404914379	-1593.848000146571166624198667705059	-1648.407499986074981279671192169189	-1575.383113724547229139716364443302	-1648.407499986074981279671192169189
-0.200	-0.100	156.126990909970203347256756387651	-24.625499587169617399240451049991	-1672.611462975396534602623432874680	586907.740160875720903277397155761719	-4131.151473804352463048417121171951	584445.190202158759348094463348388672	-3228.815849890952904388541355729103	-3283.399944955948740243911743164062	1537.739976451934353463002480566502	1641.699972477975279616657644510269	-156.126990909970260190675617195666	-0.000000000001093591865382919570	-119.674799212734029651983291842043	-0.000000000001093591865382919570
-0.200	-0.000	-3984.895286293281969847157597541809	-40.600584970983788934972835704684	3654.468114583686656260397285223007	974414.039303610683418810367584228516	-6682.558292046377573569770902395248	963587.216644681757315993309020996094	-247.892868204325651504404959268868	-0.000000000002253785212401813798	38.566199017338675503197009675205	0.000000000000751261737467271804	3984.895286293281969847157597541809	4060.058497098378211376257240772247	3753.770459673941786604700610041618	4060.058497098378211376257240772247
-0.200	0.100	27.338615907487035627809746074490	-24.625499587169642268236202653497	-1979.698850166254715077229775488377	586907.740160876302979886531829833984	-4281.023512245076744875404983758926	584445.190202159341424703598022460938	3180.797267769427890016231685876846	3283.399944955951013980666175484657	-1524.708292994471094061736948788166	-1641.699972477976189111359417438507	-27.338615907487032075096067273989	0.000000000001640387798074381072	-83.506497788717538810487894807011	0.000000000001640387798074381072
-0.200	0.200	1723.867997609588883278775028884411	-5.494691666620253656105887785088	-754.274589090856693474052008241415	130407.348887787316925823688507080078	-1161.607802708462941154721193015575	130407.348887787316925823688507080078	-751.970366756768498817109502851963	-732.625555549365799379302188754082	-947.257519104746961602359078824520	-732.625555549367277308192569762468	-1723.867997609588201157748699188232	-1648.407499986074981279671192169189	-1618.947750421009914134629070758820	-1648.407499986074981279671192169189
-0.200	0.300	312.808584506485999554570298641920	-0.451031757893272211568103102763	469.222283718266567120735999196768	11230.690771542474976740777492523193	342.403533452148622018285095691681	10704.487054000324860680848360061646	-264.626139366569759658887051045895	-541.238109471926350124704185873270	-21.141048599357226578376867109910	-90.206351578654448530869558453560	-312.808584506486056397989159449935	-360.825406314617623593221651390195	-346.854141680789211932278703898191	-360.825406314617623593221651390195
-0.200	0.400	-5.174524597110853996184687275672	-0.013619978928745458610083396422	316.785563858294096917234128341079	399.519381909866638125095050781965	-77.508616578422362408673507161438	323.247499908892109488078858703375	90.463063218976955681682738941163	-47.215926952984240472233068430796	-198.332805489570176860070205293596	-3.631994380998789129222359406413	5.174524597110906398711449583061	-20.429968393118180358669633278623	-65.908088401676380385652009863406	-20.429968393118183911383312079124
-0.200	0.500	193.527504052130808531728689558804	-0.000151304298770366709705678665	-300.260742629989408669644035398960	6.026954567686272135063063615235	-462.957039188366991311340825632215	3.590955357483368803883649889030	-192.355993982269012576580280438066	-1.109564857649355307245286894613	-103.109968841355069457677018363029	-0.050434766256788915450570698340	-193.527504052130609579762676730752	-0.363130317048879991403964595520	266.704506352837256599741522222757	-0.363130317048879991403964595520
-0.100	-0.500	29.378153142894348093250300735235	-0.000000000000000000100378790035	-429.746598238631918320606928318739	27.010936413423642932229995494708	-413.951214200595302372676087543368	16.161355259914564896916999714449	-30.558255520385984027598169632256	2.486362347679163420366421632934	248.741752540090914180836989544332	-0.226032940698105783150495540212	-29.378153142894252169980973121710	-0.000000000000000240909096083299	481.958407375086210322479018941522	-0.000000000000000240909096083299
-0.100	-0.400	-52.887912675681938878824439598247	-0.000000000000000009035810722342	-221.087194883630331787571776658297	1790.521647293668365819030441343784	368.982682645646775654313387349248	1454.798838426105476173688657581806	426.891918852169055753620341420174	105.803551885534986354286957066506	138.101134498023441210534656420350	-16.277469520851528983484968193807	52.887912675681995722243300406262	-0.000000000000013553716083512685	450.864568870844493631011573597789	-0.000000000000013553716083512685
-0.100	-0.300	158.603428980690665639485814608634	-0.000000000000000299224955883546	2232.004309569964789261575788259506	50332.464083168379147537052631378174	-374.810063610328484173805918544531	48176.321043461037334054708480834961	1144.879082043862808859557844698429	1212.830459835383180688950233161449	-354.479877604161288218165282160044	-404.276819945127613209479022771120	-158.603428980690665639485814608634	-0.000000000000239379964706836958	128.108935938818120803261990658939	-0.000000000000239379964706836958
-0.100	-0.200	62.253423465595119523641187697649	-0.000000000000003645306217943065	-4250.778110199786169687286019325256	584445.190202158759348094463348388672	-1375.666290303153573404415510594845	586907.740160875720903277397155761719	1753.460592988451708151842467486858	1641.699972477975279616657644510269	-3639.390046303731196530861780047417	-3283.399944955948285496560856699944	-62.253423465595176367060048505664	-0.000000000001093591865382919570	193.847460323057219966358388774097	-0.000000000001093591865382919570
-0.100	-0.100	-80.438299390422955070789612364024	-0.000000000000016337129034990830	-7626.566014644964525359682738780975	2630338.004375810734927654266357421875	-8354.713551812757941661402583122253	2630338.004375810734927654266357421875	-7491.350262065842798619996756315231	-7357.588823428843170404434204101562	-7271.024004003620575531385838985443	-7357.588823428844079899135977029800	80.438299390423125601046194788069	-0.000000000000000000000000000726	353.184281955309984368795994669199	-0.000000000000000000000000000726
-0.100	-0.000	-99.633832458199506731943984050304	-0.000000000000026935372142162047	18234.998123693691013613715767860413	4367020.749930959194898605346679687500	-12340.511124653974547982215881347656	4336694.216945327818393707275390625000	-38.473425900389315756910946220160	-0.000000000005050382276655384532	-50.622586024670546578363428125158	-0.000000000003366921517770255682	99.633832458199634629636420868337	0.000000000002693537214216204141	218.941550997056111782512743957341	0.000000000002693537214216204141
-0.100	0.100	76.940553304173491255824046675116	-0.000000000000016337129034990840	-7279.065887752321032166946679353714	2630338.004375812131911516189575195312	-6673.765746736354230961296707391739	2630338.004375812131911516189575195312	7332.135333300873753614723682403564	7357.588823428846808383241295814514	7582.455565329691125953104346990585	7357.588823428843170404434204101562	-76.940553304173562310097622685134	0.000000000000000000000000001088	-644.495687206685943237971514463425	0.000000000000000000000000001088
-0.100	0.200	183.260641815079281968792201951146	-0.000000000000003645306217943070	-4968.763891419735045928973704576492	584445.190202159574255347251892089844	-1934.720971577718273692880757153034	586907.740160876535810530185699462891	-1647.361322172515201600617729127407	-1641.699972477973915374604985117912	3371.527115296818919887300580739975	3283.399944955951468728017061948776	-183.260641815079225125373341143131	-0.000000000001093591865382920378	1069.735014335694359033368527889252	-0.000000000001093591865382920378
-0.100	0.300	-30.788667732495767381806217599660	-0.000000000000000299224955883547	1741.320803680216840803041122853756	50332.464083168473734986037015914917	376.949522941628458738705376163125	48176.321043461124645546078681945801	-1213.048757011504449110361747443676	-1212.830459835384544931002892553806	224.307819254556306987069547176361	404.276819945128238487086491659284	30.788667732495706985673677991144	-0.000000000000239379964706837311	-254.078383546117180458168149925768	-0.000000000000239379964706837311
-0.100	0.400	30.375442791798654695867298869416	-0.000000000000000009035810722342	463.582470871947919022204587236047	1790.521647293668365819030441343784	270.492181522263308579567819833755	1454.798838426105476173688657581806	179.041869871610344944201642647386	-105.803551885534986354286957066506	109.745629394360690866960794664919	16.277469520851528983484968193807	-30.375442791798683117576729273424	-0.000000000000013553716083512685	-36.237639157215660645761090563610	-0.000000000000013553716083512685
-0.100	0.500	19.216574383039887408131107804365	-0.000000000000000000100378790035	-87.917719756654406637608190067112	27.010936413423642932229995494708	75.389299524203181590564781799912	16.161355259914564896916999714449	61.158289822483951070353214163333	-2.486362347679163420366421632934	-140.450171843301859553321264684200	0.226032940698105783150495540212	-19.216574383039986884114114218391	-0.000000000000000240909096083299	453.257005245466075393778737634420	-0.000000000000000240909096083299
-0.000	-0.500	-52.127972451487025296046340372413	0.000372665317207867717239078154	333.501971860411060788464965298772	44.533505406340196941528120078146	-481.750867529515346632251748815179	26.831902838966470881132408976555	12.061297516926781980828309315257	0.000000000000001137789443019383	-282.589330704060898824536707252264	-0.000000000000000155153105866280	52.127972451486925820063333958387	0.894396761298882125856835045852	-314.211834106852109016472240909934	0.894396761298882125856835045852
-0.000	-0.400	8.630376050858743042226706165820	0.033546262790251177299261087228	855.645711344300480050151236355305	2952.071125542103800398763269186020	46.927632056180890174346131971106	2415.330920898084968939656391739845	371.989382172528053160931449383497	0.000000000000048416983341821903	-274.895231360238312845467589795589	-0.000000000000011173150001958900	-8.630376050858899361628573387861	50.319394185376751238436554558575	65.703031360229289248309214599431	50.319394185376751238436554558575
-0.000	-0.300	-774.671526756478442621300928294659	1.110899653824230393084349088895	3035.788896707231288019102066755295	82984.204140670015476644039154052734	819.927308775989558853325434029102	79984.775075344587094150483608245850	-65.319025759757550986250862479210	0.000000000000555005868175699379	-71.434459745504071292998560238630	-0.000000000000277502934087849689	774.671526756478215247625485062599	888.719723059384136831795331090689	1014.700709080206138423818629235029	888.719723059384136831795331090689
-0.000	-0.200	-4198.026593415335810277611017227173	13.533528323661260017729546234477	-6647.826513015764248848427087068558	963587.216644681757315993309020996094	4303.905069926582655170932412147522	974414.039303610683418810367584228516	-14.063911829188434410298214061186	0.000000000000751261737467271804	-134.191371804202532302952022291720	-0.000000000002253785212401813798	4198.026593415336719772312790155411	4060.058497098378211376257240772247	4122.204533804720085754524916410446	4060.058497098378211376257240772247
-0.000	-0.100	-16.352974958411611083874959149398	60.653065971263316669137566350400	-11974.842621816396786016412079334259	4336694.216945327818393707275390625000	18195.903380558993376325815916061401	4367020.749930959194898605346679687500	-168.259870548754975061456207185984	-0.000000000003366921517770255682	19.832961586328337943996302783489	-0.000000000005050382276655384532	16.352974958411536476887704338878	0.000000000002693537214216204141	-150.225016974912193745694821700454	0.000000000002693537214216204141
-0.000	-0.000	10226.467911773124797036871314048767	99.999999999999985789145284797996	29380.485750941788865020498633384705	7199999.999999999068677425384521484375	29559.369355789065593853592872619629	7199999.999999999068677425384521484375	-117.507491919624968090829497668892	-0.000000000000000000000000002311	-24.956416265717756175490649184212	-0.000000000000000000000000002311	-10226.467911773122978047467768192291	-9999.999999999996362021192908287048	-9779.263648155614646384492516517639	-9999.999999999996362021192908287048
-0.000	0.100	24.851095214907925168290603323840	60.653065971263352196274354355410	-12045.256374997514285496436059474945	4336694.216945329681038856506347656250	18624.201406314074120018631219863892	4367020.749930961988866329193115234375	-14.524628844621517487212258856744	0.000000000003366921517770256893	292.302469968339494243991794064641	0.000000000005050382276655385340	-24.851095214907832797734954510815	-0.000000000004040305821324308434	-250.758237454280020983787835575640	-0.000000000004040305821324308434
-0.000	0.200	-4090.275890669190175685798749327660	13.533528323661276004941100836731	-6985.578268116449180524796247482300	963587.216644682921469211578369140625	4361.321023879009771917480975389481	974414.039303611847572028636932373047	241.425413489379167231163592077792	-0.000000000000751261737467270997	94.657198971735695636198215652257	0.000000000002253785212401816221	4090.275890669189720938447862863541	4060.058497098380030365660786628723	3770.498066267895410419441759586334	4060.058497098380030365660786628723
-0.000	0.300	-792.084603720121890546579379588366	1.110899653824231503307373714051	2648.515030810905500402441248297691	82984.204140670088236220180988311768	512.757784352857470366870984435081	79984.775075344659853726625442504883	-175.798049934990757492414559237659	-0.000000000000555005868175699682	71.745614928560797807222115807235	0.000000000000277502934087849891	792.084603720122004233417101204395	888.719723059384818952821660786867	719.521697076600389664235990494490	888.719723059384818952821660786867
-0.000	0.400	27.738214110944063861552422167733	0.033546262790251177299261087228	701.586288267356621872750110924244	2952.071125542103800398763269186020	-421.998445268463967749994480982423	2415.330920898084968939656391739845	84.750438473819031059974804520607	-0.000000000000048416983341821903	-19.592352187639313854106148937717	0.000000000000011173150001958900	-27.738214110944035439842991763726	50.319394185376751238436554558575	328.289106038744932902773143723607	50.319394185376751238436554558575
-0.000	0.500	104.832709898922118441078055184335	0.000372665317207867717239078154	-453.530525548134846758330240845680	44.533505406340196941528120078146	-132.304936281473260351049248129129	26.831902838966470881132408976555	-12.522497595500958311731665162370	-0.000000000000001137789443019383	-315.704240908228314310690620914102	0.000000000000000155153105866280	-104.832709898922203706206346396357	0.894396761298882125856835045852	507.374018127483452644810313358903	0.894396761298882125856835045852
0.100	-0.500	0.066594214689307984489374803161	0.000000000000000000150568185052	524.371921504790179824340157210827	27.010936413423642932229995494708	-10.252106394417044299416374997236	16.161355259914564896916999714449	364.353700528705701344733824953437	-2.486362347679162532188001932809	-279.613456234826173840701812878251	0.226032940698105755394919924584	-0.066594214689199626722171387883	0.000000000000000361363644124948	-592.100808207508748637337703257799	0.000000000000000361363644124948
0.100	-0.400	-20.252951191751630943826967268251	0.000000000000000013553716083513	678.502819480750076763797551393509	1790.521647293668365819030441343784	191.827334033383266387318144552410	1454.798838426105476173688657581806	-0.260356956819393303703691344708	-105.803551885534886878303950652480	174.714374568423636446823365986347	16.277469520851528983484968193807	20.252951191751623838399609667249	0.000000000000020330574125269027	-195.352720656283622702176216989756	0.000000000000020330574125269027
0.100	-0.300	-7.471878890140565054878152295714	0.000000000000000448837433825320	1329.810625739196211725356988608837	50332.464083168422803282737731933594	-339.491086047627106836443999782205	48176.321043461080989800393581390381	-1249.103687973988144221948459744453	-1212.830459835383408062625676393509	338.746103169678406175080453976989	404.276819945127954269992187619209	7.471878890140577489376028097467	0.000000000000359069947060255715	744.146206368601269787177443504333	0.000000000000359069947060255715
0.100	-0.200	164.766646170996182263479568064213	0.000000000000005467959326914603	-4068.518057672160011861706152558327	584445.190202159341424703598022460938	-1706.170186450981645975844003260136	586907.740160876302979886531829833984	-1927.997329877176298396079801023006	-1641.699972477975961737683974206448	3389.355236528465411538491025567055	3283.399944955951013980666175484657	-164.766646170996125420060707256198	0.000000000001640387798074381072	-121.639251185136728850011422764510	0.000000000001640387798074381072
0.100	-0.100	70.976895728898838910936319734901	0.000000000000024505693552486258	-7500.248259228827919287141412496567	2630338.004375812131911516189575195312	-6896.253851131926239759195595979691	2630338.004375812131911516189575195312	7341.639031311016879044473171234131	7357.588823428843170404434204101562	7081.563116048041592875961214303970	7357.588823428845898888539522886276	-70.976895728898711013243882916868	0.000000000000000000000000001088	-232.982039693643116606835974380374	0.000000000000000000000000001088
0.100	-0.000	101.848376017366106793815561104566	0.000000000000040403058213243096	18296.064773629670526133850216865540	4367020.749930961988866329193115234375	-12157.093049899442121386528015136719	4336694.216945329681038856506347656250	-112.576348324441255499550607055426	0.000000000005050382276655384532	-154.553289000478656589621095918119	0.000000000003366921517770257297	-101.848376017366192058943852316588	-0.000000000004040305821324308434	-19.592996008159815346516552381217	-0.000000000004040305821324308434
0.100	0.100	77.954641242310387383440684061497	0.000000000000024505693552486274	-7462.114335520021995762363076210022	2630338.004375813528895378112792968750	-7219.605140792899874213617295026779	2630338.004375813528895378112792968750	-7010.994409360140707576647400856018	-7357.588823428846808383241295814514	-7234.852598963845593971200287342072	-7357.588823428846808383241295814514	-77.954641242310344750876538455486	-0.000000000000000000000000001632	192.368995231434240622547804377973	-0.000000000000000000000000001632
0.100	0.200	-91.397467913184613053090288303792	0.000000000000005467959326914608	-3903.594741831750070559792220592499	584445.190202159807085990905761718750	-1944.362283707361257256707176566124	586907.740160876885056495666503906250	1717.309959906503308957326225936413	1641.699972477973688000929541885853	-3361.520400467166837188415229320526	-3283.399944955952832970069721341133	91.397467913184613053090288303792	0.000000000001640387798074381072	-152.047067002741499663898139260709	0.000000000001640387798074381072
0.100	0.300	-75.640853259915232342791568953544	0.000000000000000448837433825321	1919.082010134230131370713934302330	50332.464083168524666689336299896240	330.192645416179004769219318404794	48176.321043461161025334149599075317	1153.416776536646921158535405993462	1212.830459835385454425704665482044	-439.799503253529849189362721517682	-404.276819945128579547599656507373	75.640853259915289186210429761559	0.000000000000359069947060256321	-331.772034491642841658176621422172	0.000000000000359069947060256321
0.100	0.400	103.073655678294812787498813122511	0.000000000000000013553716083513	379.867576069242090852640103548765	1790.521647293668365819030441343784	-95.495703086539094783802283927798	1454.798838426105476173688657581806	291.906798598065506666898727416992	105.803551885534886878303950652480	-170.597768151854069174078176729381	-16.277469520851528983484968193807	-103.073655678294755944079952314496	0.000000000000020330574125269027	87.611637546460357839350763242692	0.000000000000020330574125269027
0.100	0.500	-34.474743793082581078124349005520	0.000000000000000000150568185052	113.064790231368732520422781817615	27.010936413423642932229995494708	-372.322108724209442698338534682989	16.161355259914564896916999714449	-82.009931697828491792279237415642	2.486362347679162532188001932809	36.478699744855980213742441264912	-0.226032940698105755394919924584	34.474743793082488707568700192496	0.000000000000000361363644124948	-151.218585458865248938309377990663	0.000000000000000361363644124948
0.200	-0.500	-255.083880376293052449909737333655	-0.000151304298770366845230950226	-468.229636221157534237136133015156	6.026954567686281905025680316612	-53.209511005747884837546735070646	3.590955357483374577043377939845	-177.755397108794170435430714860559	-1.109564857649356861557521369832	-103.145600779948992453682876657695	-0.050434766256788880756101178804	255.083880376292995606490876525640	-0.363130317048880324470871983067	39.505861973821545518603670643643	-0.363130317048880324470871983067
0.200	-0.400	-144.237389873972375653465860523283	-0.013619978928745472487871204237	-60.380862928791401600392418913543	399.519381909867377089540241286159	131.670941876472681997256586328149	323.247499908892677922267466783524	-162.458994600158035837011993862689	-47.215926952984311526506644440815	66.662540152851860852933896239847	-3.631994380998787352865520006162	144.237389873972460918594151735306	-20.429968393118208780379063682631	119.255969764708268598951690364629	-20.429968393118201674951706081629
0.200	-0.300	325.427758158533549703861353918910	-0.451031757893271822990044483959	514.162166203834999578248243778944	11230.690771542474976740777492523193	71.571649350834007918820134364069	10704.487054000324860680848360061646	-357.216157315484338141686748713255	-541.238109471926463811541907489300	-182.832456527774013466114411130548	-90.206351578654263789758260827512	-325.427758158533663390699075534940	-360.825406314617396219546208158135	-189.653406932111465721391141414642	-360.825406314617396219546208158135
0.200	-0.200	1805.306853755754218582296743988991	-5.494691666620250103392208984587	-618.927361964720716969168279320002	130407.348887787316925823688507080078	-904.106839629973251248884480446577	130407.348887787316925823688507080078	-319.592984303484115571336587890983	-732.625555549367277308192569762468	-612.432851336136081954464316368103	-732.625555549365799379302188754082	-1805.306853755753763834945857524872	-1648.407499986074981279671192169189	-1380.444212469513786345487460494041	-1648.407499986074981279671192169189
0.200	-0.100	-60.820245080310755270147637929767	-24.625499587169635162808845052496	-1742.888628299518813946633599698544	586907.740160876535810530185699462891	-4276.321971935257352015469223260880	584445.190202159574255347251892089844	3530.478491090901570714777335524559	3283.399944955951923475367948412895	-1360.302016471779779749340377748013	-1641.699972477973915374604985117912	60.820245080310762375574995530769	-0.000000000001093591865382920378	-352.848952347648946670233272016048	-0.000000000001093591865382920378
0.200	-0.000	-4016.025300912882357806665822863579	-40.600584970983810251254908507690	4264.282411962605692679062485694885	974414.039303611847572028636932373047	-6552.578911327393143437802791595459	963587.216644682921469211578369140625	-156.811494509369737215820350684226	0.000000000002253785212401816221	168.536230298509508429560810327530	-0.000000000000751261737467270997	4016.025300912882812554016709327698	4060.058497098380030365660786628723	3848.643836970134088915074244141579	4060.058497098380030365660786628723
0.200	0.100	52.771348771854064807484974153340	-24.625499587169645820949881453998	-1091.024401440133942742249928414822	586907.740160876885056495666503906250	-4286.050245784769685997162014245987	584445.190202159807085990905761718750	-3362.905755560632314882241189479828	-3283.399944955952832970069721341133	1707.389968875063686937210150063038	1641.699972477973915374604985117912	-52.771348771854150072613265365362	0.000000000001640387798074381072	-186.228836162355406713686534203589	0.000000000001640387798074381072
0.200	0.200	1454.085192321381100555299781262875	-5.494691666620258096997986285714	-766.177270444725763809401541948318	130407.348887787520652636885643005371	-1069.453720404029581914073787629604	130407.348887787520652636885643005371	682.226528976123745451332069933414	732.625555549366708874003961682320	668.053733005451704229926690459251	732.625555549366708874003961682320	-1454.085192321381100555299781262875	-1648.407499986076345521723851561546	-1458.225563312579424746218137443066	-1648.407499986076345521723851561546
0.200	0.300	403.750256965249150198360439389944	-0.451031757893271822990044483959	698.697332234331952349748462438583	11230.690771542474976740777492523193	-7.868246536456801720760267926380	10704.487054000324860680848360061646	728.742959381600030610570684075356	541.238109471926236437866464257240	250.555362286343523692266899161041	90.206351578654235368048830423504	-403.750256965249036511522717773914	-360.825406314617339376127347350121	-442.215420433441238401428563520312	-360.825406314617339376127347350121
0.200	0.400	95.412010896016923311435675714165	-0.013619978928745472487871204237	260.270625150160299199342261999846	399.519381909867377089540241286159	931.077951385432697861688211560249	323.247499908892677922267466783524	-94.517007996719115681116818450391	47.215926952984311526506644440815	-164.750350026345927290094550698996	3.631994380998787352865520006162	-95.412010896016852257162099704146	-20.429968393118208780379063682631	-364.539297747882812927855411544442	-20.429968393118201674951706081629
0.200	0.500	109.868063246021591794487903825939	-0.000151304298770366845230950226	-144.237122695260779892123537138104	6.026954567686281905025680316612	-54.244652620087776995205786079168	3.590955357483374577043377939845	390.870814208309639070648699998856	1.109564857649356861557521369832	-95.750769170532393559369666036218	0.050434766256788880756101178804	-109.868063246021534951069043017924	-0.363130317048880324470871983067	-229.610582107863308465312002226710	-0.363130317048880324470871983067
0.300	-0.500	-1.753494871010044864334531666827	-0.000033119501750281438623609020	27.547181726291462666722509311512	0.494722557394829065557928515773	215.134346234314108414764632470906	0.309253347593253014036207559911	58.738519866704876903895637951791	-0.136617944719910899831205597366	118.298383697303137296330532990396	-0.037259439469066610306491327265	1.753494871010024880320088414010	-0.079486804200675428844213854518	-410.771452956216705842962255701423	-0.079486804200675428844213854518
0.300	-0.400	-14.257242473701930762786105333362	-0.002981322537662940870550887240	188.606175593169808735183323733509	32.794547914292358825605333549902	-45.268097915671567932349717011675	27.838099195427716381345817353576	-16.168402455525512806389087927528	-5.813578948442734706247847498162	-228.942888605955204184283502399921	-2.683190283896646377570505137555	14.257242473701916551931390131358	-4.471983806494409741105755529134	59.990535367947543932132248301059	-4.471983806494409741105755529134
0.300	-0.300	65.927682474411128055180597584695	-0.098727843269343612542243704411	-236.912267079520376000800752080977	921.871236527496080270793754607439	345.677692656722626907139783725142	921.871236527496080270793754607439	121.288052004864965738306636922061	-66.641294206806946931465063244104	-110.039701534904764912425889633596	-66.641294206806932720610348042101	-65.927682474411014368342875968665	-78.982274615474878487475507427007	-65.084828425935739915075828321278	-78.982274615474878487475507427007
0.300	-0.200	355.110522628859996530081843957305	-1.202751354382058490699591857265	0.755511576029851084079780321190	10704.487054000324860680848360061646	575.062942889681607994134537875652	11230.690771542474976740777492523193	-116.009377218626781314014806412160	-90.206351578654448530869558453560	-453.933919060910000098374439403415	-541.238109471926350124704185873270	-355.110522628859712312987539917231	-360.825406314617623593221651390195	59.691909026115098413356463424861	-360.825406314617623593221651390195
0.300	-0.100	-62.787789936856334804815560346469	-5.390357599268376098677890695399	-598.250836641723253706004470586777	48176.321043461124645546078681945801	2386.128924422788259107619524002075	50332.464083168473734986037015914917	286.403318954621511238656239584088	404.276819945128295330505352467299	-1178.529430376557911586132831871510	-1212.830459835384772304678335785866	62.787789936856349015670275548473	-0.000000000000239379964706837311	367.666267923743646406364860013127	-0.000000000000239379964706837311
0.300	-0.000	-927.556052172726026583404745906591	-8.887197230593850250102150312159	74.757611691318572866293834522367	79984.775075344659853726625442504883	3508.072010325986411771737039089203	82984.204140670088236220180988311768	129.061549489032074689021101221442	0.000000000000277502934087849891	-29.935398128217471480638778302819	-0.000000000000555005868175699682	927.556052172726026583404745906591	888.719723059384818952821660786867	796.327598754211180676065851002932	888.719723059384818952821660786867
0.300	0.100	174.065290155602752975028124637902	-5.390357599268380539569989196025	-368.484523653860094327683327719569	48176.321043461161025334149599075317	2447.307970546959040802903473377228	50332.464083168524666689336299896240	-339.002309637322184698859928175807	-404.276819945128579547599656507373	1074.327431862026514863828197121620	1212.830459835385454425704665482044	-174.065290155602639288190403021872	0.000000000000359069947060256321	-97.899021042430049988070095423609	0.000000000000359069947060256321
0.300	0.200	227.145821367407791058212751522660	-1.202751354382058490699591857265	-72.803019578371802822402969468385	10704.487054000324860680848360061646	522.529875479984639241592958569527	11230.690771542474976740777492523193	33.056575936263350001809158129618	90.206351578654235368048830423504	342.215929146069072430691448971629	541.238109471926122751028742641211	-227.145821367407535262827877886593	-360.825406314617339376127347350121	-549.392543598679139904561452567577	-360.825406314617339376127347350121
0.300	0.300	13.963869421355392219652458152268	-0.098727843269343779075697398184	347.357499967926742101553827524185	921.871236527497785573359578847885	12.355134241798950256452371831983	921.871236527497785573359578847885	291.970665507212572720163734629750	66.641294206807046407448069658130	-243.148900643504532581573585048318	66.641294206807046407448069658130	-13.963869421355216360325357527472	-78.982274615474992174313229043037	-547.326966743994034914067015051842	-78.982274615474992174313229043037
0.300	0.400	92.819328675732506894746620673686	-0.002981322537662940870550887240	285.824410849961395797436125576496	32.794547914292358825605333549902	327.336038007507340807933360338211	27.838099195427716381345817353576	-184.256432642681460265521309338510	5.813578948442734706247847498162	158.072719350468901211570482701063	2.683190283896646377570505137555	-92.819328675732421629618329461664	-4.471983806494409741105755529134	136.385741655520405402057804167271	-4.471983806494409741105755529134
0.300	0.500	26.593364315358169136516153230332	-0.000033119501750281438623609020	-243.200202916475689107755897566676	0.494722557394829065557928515773	-237.543080428634397094356245361269	0.309253347593253014036207559911	33.740514585443435180422966368496	0.136617944719910899831205597366	52.902115582963737949739879695699	0.037259439469066610306491327265	-26.593364315358169136516153230332	-0.079486804200675428844213854518	164.550068869976939822663553059101	-0.079486804200675428844213854518
0.400	-0.500	-10.080867017894330928129420499317	-0.000001875229299580120307790556	-147.674612473867711059938301332295	0.014939326753321624866033268120	-20.972933906867211817370844073594	0.011001345224203372061277939054	16.496460060438298711460447520949	-0.005500672612101684295915493550	-162.242453216299708174119587056339	-0.003250397452605541508824371633	10.080867017894213688578020082787	-0.004500550318992287308905719811	-471.570400980374358823610236868262	-0.004500550318992287308905719811
0.400	-0.400	-29.599796073246949390522786416113	-0.000168802762078888642658172636	-213.320619811666887244427925907075	0.990309537529480032880258022487	74.201230467105744992295512929559	0.990309537529480032880258022487	-58.171105900638963248638901859522	-0.234073163416058882546622044174	-177.906654923088836994793382473290	-0.234073163416058882546622044174	29.599796073247066630074186832644	-0.253204143118332891670974049703	73.212213447191558657323184888810	-0.253204143118332891670974049703
0.400	-0.300	-42.919948829831994885353196877986	-0.005589979758118005133404881946	-202.058359428026903970021521672606	27.838099195427670196067992947064	-70.493906870372143202985171228647	32.794547914292301982186472741887	13.005630530504937780733598629013	-2.683190283896642380767616486992	-112.327085128482892173451546113938	-5.813578948442725824463650496909	42.919948829831881198515475261956	-4.471983806494403523856817628257	332.174035713296518679271684959531	-4.471983806494403523856817628257
0.400	-0.200	-16.007059743443985411204266711138	-0.068099894643727260090670938553	-75.929349487203822377523465547711	323.247499908892109488078858703375	495.370009400620460837671998888254	399.519381909866638125095050781965	-32.504192425167175883871095720679	-3.631994380998789129222359406413	-65.275815740889328253615531139076	-47.215926952984240472233068430796	16.007059743443910804217011900619	-20.429968393118183911383312079124	40.079512588122973681947769364342	-20.429968393118180358669633278623
0.400	-0.100	-32.252983751724478622691094642505	-0.305202553515966201747033892389	647.128232680806831922382116317749	1454.798838426105476173688657581806	86.933558484614408712332078721374	1790.521647293668365819030441343784	340.471203710897384553391020745039	16.277469520851528983484968193807	-0.419162293921649997674450105478	-105.803551885534957932577526662499	32.252983751724386252135445829481	-0.000000000000013553716083512685	-420.910800583905654548289021477103	-0.000000000000013553716083512685
0.400	-0.000	-56.792153621527880602570803603157	-0.503193941853767645611128500605	-291.405741756692862054478609934449	2415.330920898084968939656391739845	329.976712692248725034005474299192	2952.071125542103800398763269186020	319.783953375473402047646231949329	0.000000000000011173150001958902	-99.945114191169778905532439239323	-0.000000000000048416983341821903	56.792153621528036921972670825198	50.319394185376751238436554558575	420.914022090415357979509280994534	50.319394185376751238436554558575
0.400	0.100	-47.008642278614878762255102628842	-0.305202553515966201747033892389	44.714518826785543126334232510999	1454.798838426105476173688657581806	-63.580839603189950537398544838652	1790.521647293668365819030441343784	-107.987809093647413760663766879588	-16.277469520851528983484968193807	-8.273993171842400684568019642029	105.803551885534915300013381056488	47.008642278614857445973029825836	0.000000000000020330574125269027	-398.167534489927959384658606722951	0.000000000000020330574125269027
0.400	0.200	22.207187024631281246911385096610	-0.068099894643727398868549016697	514.566164835286372181144542992115	323.247499908892677922267466783524	553.469045129470259780646301805973	399.519381909867377089540241286159	-245.939718830794959103513974696398	3.631994380998787352865520006162	18.847622600705733475479064509273	47.215926952984311526506644440815	-22.207187024631419802744858316146	-20.429968393118201674951706081629	-119.510058697023225704469950869679	-20.429968393118208780379063682631
0.400	0.300	-43.695909824613650584979041013867	-0.005589979758118015541745737806	-232.199734088430545853043440729380	27.838099195427716381345817353576	-156.251200308152021989371860399842	32.794547914292358825605333549902	-82.365822629326956416662142146379	2.683190283896646377570505137555	24.970930021155528066856277291663	5.813578948442734706247847498162	43.695909824613693217543186619878	-4.471983806494409741105755529134	274.257860528840694769314723089337	-4.471983806494409741105755529134
0.400	0.400	-170.837669573454348892482812516391	-0.000168802762078888642658172636	-30.118875963306557252963102655485	0.990309537529480032880258022487	125.710080315148630347721336875111	0.990309537529480032880258022487	-198.287004546397270132729317992926	0.234073163416058882546622044174	165.536727841211785516861709766090	0.234073163416058882546622044174	170.837669573454519422739394940436	-0.253204143118332891670974049703	-363.833268059126623938936972990632	-0.253204143118332891670974049703
0.400	0.500	-121.514986339139355209226778242737	-0.000001875229299580120307790556	191.423437010404256852780235931277	0.014939326753321624866033268120	-169.204106160664650815306231379509	0.011001345224203372061277939054	18.650785710196551292483491124585	0.005500672612101684295915493550	-362.354244016379141157813137397170	0.003250397452605541508824371633	121.514986339139213100679626222700	-0.004500550318992287308905719811	406.358726674591764549404615536332	-0.004500550318992287308905719811
0.500	-0.500	-38.380771188394191995030269026756	-0.000000033331065275913756340568	-166.219480846695802256363094784319	0.000165960929186320595325743188	652.113097712359376600943505764008	0.000165960929186320595325743188	58.554656370571599666163820074871	-0.000076383691257302338377399575	-205.880708333769888440656359307468	-0.000076383691257302338377399575	38.380771188394191995030269026756	-0.000079994556662192978159671430	-8.471940728294024225419889262412	-0.000079994556662192978159671430
0.500	-0.400	-123.907430307611477360296703409404	-0.000003000366879328192153651711	856.380570063153299997793510556221	0.011001345224203372061277939054	-3.397518652463324073664807656314	0.014939326753321624866033268120	-84.425080152262808041996322572231	-0.003250397452605541508824371633	151.254106659266227552507189102471	-0.005500672612101684295915493550	123.907430307611534203715564217418	-0.004500550318992287308905719811	-95.760903890990675790817476809025	-0.004500550318992287308905719811
0.500	-0.300	32.502926586101921202498488128185	-0.000099358505250844329423354218	-30.227891803615541732597193913534	0.309253347593253014036207559911	-114.910082064181310101957933511585	0.494722557394829065557928515773	85.820530305792303238376916851848	-0.037259439469066624184279135079	136.975360305078652345400769263506	-0.136617944719910927586781212995	-32.502926586101978045917348936200	-0.079486804200675442722001662332	-219.627742557839326309476746246219	-0.079486804200675442722001662332
0.500	-0.200	92.054233139506877137137053068727	-0.001210434390162933027124125829	160.896273862851785452221520245075	3.590955357483368803883649889030	-84.646492571994116360656335018575	6.026954567686272135063063615235	283.452276546286100256111240014434	-0.050434766256788908511676794433	65.288912228294506689962872769684	-1.109564857649355307245286894613	-92.054233139506877137137053068727	-0.363130317048879991403964595520	-121.018021904321088300093833822757	-0.363130317048879991403964595520
0.500	-0.100	-139.371718920854760881411493755877	-0.005424790576754538740100741734	129.107636835219011572917224839330	16.161355259914564896916999714449	-132.719478914699664073850726708770	27.010936413423642932229995494708	2.104948266166620562955813511508	0.226032940698105783150495540212	1.414748367781170301782367459964	-2.486362347679163864455631482997	139.371718920854902989958645775914	-0.000000000000000240909096083299	-221.064158871079229129463783465326	-0.000000000000000240909096083299
0.500	-0.000	-89.357408811513323598774150013924	-0.008943967612988823479014399709	408.550914967428752788691781461239	26.831902838966470881132408976555	191.865794762170793319455697201192	44.533505406340196941528120078146	289.262269026817648409632965922356	0.000000000000000155153105866280	29.326943246800531994722405215725	-0.000000000000001137789443019383	89.357408811513238333645858801901	0.894396761298882125856835045852	-561.171140153318447119090706110001	0.894396761298882125856835045852
0.500	0.100	-197.880410875667479331241338513792	-0.005424790576754538740100741734	-60.915852209785875004399713361636	16.161355259914564896916999714449	445.806087156465309817576780915260	27.010936413423642932229995494708	11.387757901400703985927975736558	-0.226032940698105755394919924584	-352.546758435636775175225920975208	2.486362347679162532188001932809	197.880410875667223535856464877725	0.000000000000000361363644124948	400.312173025473271081864368170500	0.000000000000000361363644124948
0.500	0.200	-25.360464339936829247790228691883	-0.001210434390162935195528470800	205.820857925218831496749771758914	3.590955357483374577043377939845	103.938170893931072669147397391498	6.026954567686281905025680316612	387.091988194369037046271841973066	0.050434766256788880756101178804	-112.179879428888838788225257303566	1.109564857649356861557521369832	25.360464339936850564072301494889	-0.363130317048880324470871983067	-288.064659919140240162960253655910	-0.363130317048880324470871983067
0.500	0.300	266.448055769867494291247567161918	-0.000099358505250844329423354218	66.847015904520532103560981340706	0.309253347593253014036207559911	417.195212519273979978606803342700	0.494722557394829065557928515773	-220.122228063816237408900633454323	0.037259439469066610306491327265	206.424873933789598368093720637262	0.136617944719910899831205597366	-266.448055769867494291247567161918	-0.079486804200675428844213854518	93.607250036208284882377483882010	-0.079486804200675428844213854518
0.500	0.400	-81.551109669011495384438603650779	-0.000003000366879328192153651711	-239.583062408341987747917301021516	0.011001345224203372061277939054	192.184127338574057830555830150843	0.014939326753321624866033268120	190.117353606659918341392767615616	0.003250397452605541508824371633	-186.428083405401082472963025793433	0.005500672612101684295915493550	81.551109669011424330165027640760	-0.004500550318992287308905719811	-169.340700648512353154728771187365	-0.004500550318992287308905719811
0.500	0.500	-138.553375753786895074881613254547	-0.000000033331065275913756340568	234.020343867729593512194696813822	0.000165960929186320595325743188	-381.088660584639626449643401429057	0.000165960929186320595325743188	-91.789872510500870816940732765943	0.000076383691257302338377399575	2.087369001158051240452095953515	0.000076383691257302338377399575	138.553375753787065605138195678592	-0.000079994556662192978159671430	385.984317199400095432793023064733	-0.000079994556662192978159671430
