-0.500	-0.500	-3.298621785088889701853531732922	57.303124952283951643039472401142	0.000076383691257302351929926731	0.000076383691257302351929926731
-0.500	-0.400	-45.047294009320481222857779357582	-36.949695030481883861739333951846	0.003250397452605541942505240627	0.005500672612101685163277231538
-0.500	-0.300	-77.105175852715916562374331988394	-21.937462815884941846888978034258	0.037259439469066631123173038986	0.136617944719910955342356828623
-0.500	-0.200	11.895451849894397966522774368059	-47.174566302382956450855999719352	0.050434766256788922389464602247	1.109564857649355529289891819644
-0.500	-0.100	-19.106953214653341177609036094509	-2.176115831495575303478062778595	-0.226032940698105810906071155841	2.486362347679163864455631482997
-0.500	-0.000	15.764090866730645856819137407001	-90.952519633841873769597441423684	-0.000000000000000155153105866280	0.000000000000001137789443019384
-0.500	0.100	68.447445453505508794478373602033	34.542205476103852390679094241932	0.226032940698105783150495540212	-2.486362347679162088098792082747
-0.500	0.200	-17.405601544861067253577857627533	-44.619330912010951806223602034152	-0.050434766256788894633888986618	-1.109564857649356861557521369832
-0.500	0.300	52.987345989982330252132669556886	-79.340397506770258928554540034384	-0.037259439469066617245385231172	-0.136617944719910899831205597366
-0.500	0.400	10.554132844245200928412486973684	45.180058133767815320425142999738	-0.003250397452605541942505240627	-0.005500672612101685163277231538
-0.500	0.500	27.850613722813477579620666801929	26.380089602505275792054817429744	-0.000076383691257302351929926731	-0.000076383691257302351929926731
-0.400	-0.500	-99.498530378089739656388701405376	-90.099897743957271245562878903002	0.005500672612101685163277231538	0.003250397452605541942505240627
-0.400	-0.400	40.687790984604959021453396417201	70.189175286163830946861708071083	0.234073163416058938057773275432	0.234073163416058938057773275432
-0.400	-0.300	77.552370366519639333091618027538	-61.878395650609775202610762789845	2.683190283896643268946036187117	5.813578948442726712642070197035
-0.400	-0.200	24.017346489778773843681847210974	-7.368628836885867450234854914015	3.631994380998789573311569256475	47.215926952984247577660426031798
-0.400	-0.100	-42.227500177355850041749363299459	-54.226876635641865220804902492091	-16.277469520851528983484968193807	105.803551885534972143432241864502
-0.400	-0.000	-49.336834164527019197521440219134	-2.624555034334083991609531949507	-0.000000000000011173150001958902	0.000000000000048416983341821910
-0.400	0.100	59.454555414922396039401064626873	80.997566663549889653950231149793	16.277469520851528983484968193807	-105.803551885534915300013381056488
-0.400	0.200	-2.838667770319477590135193167953	55.906756530194492427199293160811	-3.631994380998788241043939706287	-47.215926952984318631934002041817
-0.400	0.300	-19.203580659463185043023258913308	-60.081742290017864149831439135596	-2.683190283896647265748924837681	-5.813578948442734706247847498162
-0.400	0.400	12.838637246653822998609939531889	4.446820792976653002881448628614	-0.234073163416058938057773275432	-0.234073163416058938057773275432
-0.400	0.500	51.103057388806746530462987720966	111.495567041007475950209482107311	-0.005500672612101685163277231538	-0.003250397452605541942505240627
-0.300	-0.500	85.543681102440373820172681007534	51.465015755679054620941315079108	0.136617944719910955342356828623	0.037259439469066631123173038986
-0.300	-0.400	39.230088693736973937120637856424	-127.376011875434386411143350414932	5.813578948442726712642070197035	2.683190283896643268946036187117
-0.300	-0.300	-64.327701267919934480232768692076	-67.446213470529457367774739395827	66.641294206806975353174493648112	66.641294206806975353174493648112
-0.300	-0.200	-36.427775695572691461165959481150	-101.098391280216475252018426544964	90.206351578654391687450697645545	541.238109471926122751028742641211
-0.300	-0.100	129.537657106801674444795935414732	-32.684072857402590273068199167028	-404.276819945127670052897883579135	1212.830459835383180688950233161449
-0.300	-0.000	121.834829389528408682963345199823	43.307961343969360257233347510919	-0.000000000000277502934087849689	0.000000000000555005868175699480
-0.300	0.100	16.978954475954150638017381425016	14.033010083584368743458981043659	404.276819945127954269992187619209	-1212.830459835383635436301119625568
-0.300	0.200	-33.770097998338577838239871198311	51.794002701084409068243985529989	-90.206351578654278000612976029515	-541.238109471926463811541907489300
-0.300	0.300	-23.276793696575456493746969499625	-46.524107808572139788338972721249	-66.641294206806946931465063244104	-66.641294206806946931465063244104
-0.300	0.400	-78.084159753736130937795678619295	-54.168243746165835261763277230784	-5.813578948442726712642070197035	-2.683190283896643268946036187117
-0.300	0.500	3.274885298892451057639618738904	-17.577122912277953759030424407683	-0.136617944719910955342356828623	-0.037259439469066631123173038986
-0.200	-0.500	120.825460921710956085917132440954	79.648153819215096405059739481658	1.109564857649355529289891819644	0.050434766256788922389464602247
-0.200	-0.400	-30.335793343156367996016342658550	-45.241811299532905366049817530438	47.215926952984247577660426031798	3.631994380998789573311569256475
-0.200	-0.300	80.792701801710450126847717911005	-4.243975838338208461664180504158	541.238109471926122751028742641211	90.206351578654391687450697645545
-0.200	-0.200	-73.903678439041826209177088458091	-23.011753907687758413658229983412	732.625555549366936247679404914379	732.625555549366936247679404914379
-0.200	-0.100	75.430766881755587860425293911248	74.524054504532188047960516996682	-3283.399944955948740243911743164062	1641.699972477975279616657644510269
-0.200	-0.000	-4.853087772422953527495792513946	-23.832266673610771334779201424681	-0.000000000002253785212401814606	0.000000000000751261737467271905
-0.200	0.100	-7.982158711487487678937213786412	9.854681880364298152130686503369	3283.399944955951923475367948412895	-1641.699972477976189111359417438507
-0.200	0.200	-46.698746852557405873085372149944	67.179082760857525613573670852929	-732.625555549365913066139910370111	-732.625555549367390995030291378498
-0.200	0.300	10.853827677939555940156424185261	-49.546324694641533881167561048642	-541.238109471926463811541907489300	-90.206351578654448530869558453560
-0.200	0.400	36.086017429710466331016505137086	20.507518179757770582227749400772	-47.215926952984247577660426031798	-3.631994380998789573311569256475
-0.200	0.500	-20.192227666585463197179706185125	-5.966147062764687980518374388339	-1.109564857649355529289891819644	-0.050434766256788922389464602247
-0.100	-0.500	6.126454616099048955391026538564	70.065790374555703579062537755817	2.486362347679163864455631482997	-0.226032940698105810906071155841
-0.100	-0.400	-9.171308267353960985701633035205	12.534520709958815842810508911498	105.803551885534972143432241864502	-16.277469520851528983484968193807
-0.100	-0.300	9.922724330042390405992591695394	38.018865033157922539430728647858	1212.830459835383180688950233161449	-404.276819945127670052897883579135
-0.100	-0.200	69.901057350849953309079864993691	-31.792291401410164297658411669545	1641.699972477975279616657644510269	-3283.399944955948740243911743164062
-0.100	-0.100	-47.618050844689044254209875361994	-34.360525560020676039130194112659	-7357.588823428843170404434204101562	-7357.588823428843170404434204101562
-0.100	-0.000	63.704463715721928451785061042756	6.149875561969454729194239916978	-0.000000000005050382276655385340	-0.000000000003366921517770256086
-0.100	0.100	-8.003326093974733268510135530960	92.364429076923102002183441072702	7357.588823428846808383241295814514	7357.588823428842260909732431173325
-0.100	0.200	-35.356504564136784551919845398515	-85.022392388139280683390097692609	-1641.699972477973915374604985117912	3283.399944955951923475367948412895
-0.100	0.300	-81.157841723682793144689640030265	-27.829665504216244187318807234988	-1212.830459835384999678353779017925	404.276819945128238487086491659284
-0.100	0.400	-5.281528304529643058629062579712	11.764829880847228693596662196796	-105.803551885534972143432241864502	16.277469520851528983484968193807
-0.100	0.500	67.988771579578568093893409240991	-5.797983035043411170761373796267	-2.486362347679163864455631482997	0.226032940698105810906071155841
-0.000	-0.500	16.760759781456833650281623704359	43.861275437580808045368030434474	0.000000000000001137789443019384	-0.000000000000000155153105866280
-0.000	-0.400	-48.692252656183747205886902520433	-20.728856933332597378694117651321	0.000000000000048416983341821910	-0.000000000000011173150001958902
-0.000	-0.300	49.971552162602456803597306134179	26.639325560857393782043800456449	0.000000000000555005868175699480	-0.000000000000277502934087849689
-0.000	-0.200	-89.309565887242200687978765927255	19.057248533494458797576953656971	0.000000000000751261737467271905	-0.000000000002253785212401814606
-0.000	-0.100	59.734644309173567933157755760476	102.230696217551084714614262338728	-0.000000000003366921517770256086	-0.000000000005050382276655385340
-0.000	-0.000	-22.741921406975407649042608682066	6.746526637401967896323640161427	-0.000000000000000000000000002311	-0.000000000000000000000000002311
-0.000	0.100	-24.853921477741682366513487068005	4.194958673855877506753131456207	0.000000000003366921517770257701	0.000000000005050382276655384532
-0.000	0.200	-50.976715130833369471474725287408	25.165472881340843258612949284725	-0.000000000000751261737467271098	0.000000000002253785212401816625
-0.000	0.300	-61.403418886028525491838081507012	-116.233209167847860499023227021098	-0.000000000000555005868175699783	0.000000000000277502934087849841
-0.000	0.400	-41.152676824901476493323571048677	-55.704136356238088012560183415189	-0.000000000000048416983341821910	0.000000000000011173150001958902
-0.000	0.500	-7.291735659154402249271242908435	-11.350704731407613934379696729593	-0.000000000000001137789443019384	0.000000000000000155153105866280
0.100	-0.500	51.085504502101869661601085681468	-25.549605457924151608040119754151	-2.486362347679162088098792082747	0.226032940698105783150495540212
0.100	-0.400	67.106930695221493010649282950908	31.225369161102655368722480488941	-105.803551885534915300013381056488	16.277469520851528983484968193807
0.100	-0.300	-44.906597116497323440853506326675	-5.994568180613555341551546007395	-1212.830459835383635436301119625568	404.276819945127954269992187619209
0.100	-0.200	-0.606112413145620698706750317797	6.115951272277633243845684773987	-1641.699972477976189111359417438507	3283.399944955951923475367948412895
0.100	-0.100	51.678495566728820165280922083184	-27.418783913321863821010992978700	7357.588823428842260909732431173325	7357.588823428846808383241295814514
0.100	-0.000	-43.511074477581509256651770556346	39.275178243018963541999255539849	0.000000000005050382276655384532	0.000000000003366921517770257701
0.100	0.100	-3.099624687032272341014049743535	-33.379015115602854280041356105357	-7357.588823428846808383241295814514	-7357.588823428846808383241295814514
0.100	0.200	14.701367732653011444199364632368	76.996844420642418072020518593490	1641.699972477973915374604985117912	-3283.399944955953742464771494269371
0.100	0.300	-21.649092086559676317847333848476	92.093706825007004113103903364390	1212.830459835385227052029222249985	-404.276819945128579547599656507373
0.100	0.400	-26.981453670185388205027265939862	25.403265827311187763370980974287	105.803551885534915300013381056488	-16.277469520851528983484968193807
0.100	0.500	77.820125657320531331606616731733	-44.687036328882783209337503649294	2.486362347679162088098792082747	-0.226032940698105783150495540212
0.200	-0.500	-13.672462881244722865403673495166	29.194954807851541289664965006523	-1.109564857649356861557521369832	-0.050434766256788894633888986618
0.200	-0.400	-19.272260039991184754626374342479	56.354231876859195438100869068876	-47.215926952984318631934002041817	-3.631994380998788241043939706287
0.200	-0.300	-55.777147072695598239988612476736	-26.408907476257084567805577535182	-541.238109471926463811541907489300	-90.206351578654278000612976029515
0.200	-0.200	-18.893461215834250310763309244066	-45.341290582540864306793082505465	-732.625555549367390995030291378498	-732.625555549365913066139910370111
0.200	-0.100	9.032030268575566012145827698987	27.667967981140137112561205867678	3283.399944955951923475367948412895	-1641.699972477973915374604985117912
0.200	-0.000	-10.129239406512688503880781354383	-31.021617558407662329500453779474	0.000000000002253785212401816625	-0.000000000000751261737467271098
0.200	0.100	-38.090059609237364668388181598857	-23.593255884384529252884021843784	-3283.399944955953742464771494269371	1641.699972477973915374604985117912
0.200	0.200	-25.772324097282012900222980533727	-18.486860837891285314071865286678	732.625555549366822560841683298349	732.625555549366822560841683298349
0.200	0.300	17.668906017563575261419828166254	24.606814912764590985716495197266	541.238109471926236437866464257240	90.206351578654249578903545625508
0.200	0.400	-19.253446839865382855805364670232	-48.919750604696723428332916228101	47.215926952984318631934002041817	3.631994380998788241043939706287
0.200	0.500	-2.314350768915828027161296631675	-81.134202052225802503926388453692	1.109564857649356861557521369832	0.050434766256788894633888986618
0.300	-0.500	43.248843620472911197794019244611	52.968384768162067643970658537000	-0.136617944719910899831205597366	-0.037259439469066617245385231172
0.300	-0.400	-85.964405114751471614908950868994	70.773271273524301250290591269732	-5.813578948442734706247847498162	-2.683190283896647265748924837681
0.300	-0.300	-26.636812732976320461375507875346	-61.695046884476596460444852709770	-66.641294206806946931465063244104	-66.641294206806946931465063244104
0.300	-0.200	-20.932814819792753269211971201003	-91.546793789356826209768769331276	-90.206351578654448530869558453560	-541.238109471926463811541907489300
0.300	-0.100	-16.326647086348472726058389525861	48.185915773706568643319769762456	404.276819945128238487086491659284	-1212.830459835384999678353779017925
0.300	-0.000	-17.152946233076999504874038393609	-49.956687444985774959604896139354	0.000000000000277502934087849841	-0.000000000000555005868175699783
0.300	0.100	22.416397702735409325214277487248	-29.328726915476156733575407997705	-404.276819945128579547599656507373	1212.830459835385227052029222249985
0.300	0.200	61.861617760963106604776839958504	43.309697891241427214481518603861	90.206351578654249578903545625508	541.238109471926236437866464257240
0.300	0.300	2.503524888421453375997316470603	49.067624652388438732941722264513	66.641294206807032196593354456127	66.641294206807032196593354456127
0.300	0.400	-90.458071772804544252721825614572	-81.136906990738069112012453842908	5.813578948442734706247847498162	2.683190283896647265748924837681
0.300	0.500	-36.978838156818753191146242897958	-16.045316032176444309698126744479	0.136617944719910899831205597366	0.037259439469066617245385231172
0.400	-0.500	-2.043754026816569702162951216451	25.317470445196754269545635906979	-0.005500672612101685163277231538	-0.003250397452605541942505240627
0.400	-0.400	18.509647310837110012471384834498	-6.383766285820001940010115504265	-0.234073163416058938057773275432	-0.234073163416058938057773275432
0.400	-0.300	10.244538090890497272766879177652	-5.539851867316625266823848505737	-2.683190283896643268946036187117	-5.813578948442726712642070197035
0.400	-0.200	16.626375026037781168497531325556	16.451556483120217677651453414001	-3.631994380998789573311569256475	-47.215926952984247577660426031798
0.400	-0.100	-25.454806709438582146276530693285	49.128749719972084619712404673919	16.277469520851528983484968193807	-105.803551885534972143432241864502
0.400	-0.000	-2.139017269548488808794672877411	-8.511083825113221479341518715955	0.000000000000011173150001958902	-0.000000000000048416983341821910
0.400	0.100	6.810086216085427857080958347069	-9.855733750670358617185229377355	-16.277469520851528983484968193807	105.803551885534915300013381056488
0.400	0.200	25.495999136127103668059135088697	-113.020307325534957954005221836269	3.631994380998788241043939706287	47.215926952984318631934002041817
0.400	0.300	58.923941212157792790549137862399	-18.684515424516515480490852496587	2.683190283896647265748924837681	5.813578948442734706247847498162
0.400	0.400	-30.853289800341940463113132864237	30.598291760596350030709800194018	0.234073163416058938057773275432	0.234073163416058938057773275432
0.400	0.500	-36.303762254655964625271735712886	-119.399075208621084698279446456581	0.005500672612101685163277231538	0.003250397452605541942505240627
0.500	-0.500	28.731310236025031201734236674383	98.687925637135165857216634321958	-0.000076383691257302351929926731	-0.000076383691257302351929926731
0.500	-0.400	-95.158755028082865123906231019646	-41.042896577698698479252925608307	-0.003250397452605541942505240627	-0.005500672612101685163277231538
0.500	-0.300	-18.865386364663393692353565711528	7.912616322071556851369678042829	-0.037259439469066631123173038986	-0.136617944719910955342356828623
0.500	-0.200	130.541404313773057310754666104913	13.454945385773621424618795572314	-0.050434766256788922389464602247	-1.109564857649355529289891819644
0.500	-0.100	-42.344673575317628433367644902319	-57.536068024582064595051633659750	0.226032940698105810906071155841	-2.486362347679163864455631482997
0.500	-0.000	-52.750868743358083179373352322727	-33.131472077466504799758695298806	0.000000000000000155153105866280	-0.000000000000001137789443019384
0.500	0.100	-27.953895427566713749456539517269	36.006085879300904650790471350774	-0.226032940698105783150495540212	2.486362347679162088098792082747
0.500	0.200	32.716727130834364345446374500170	100.719440798342702692025341093540	0.050434766256788894633888986618	1.109564857649356861557521369832
0.500	0.300	-31.004300965173541726471739821136	6.366477626538291190172458300367	0.037259439469066617245385231172	0.136617944719910899831205597366
0.500	0.400	39.460284674912422531178890494630	8.170463473701383705360967724118	0.003250397452605541942505240627	0.005500672612101685163277231538
0.500	0.500	5.991878198200336846923619305016	-49.121409047500399935870518675074	0.000076383691257302351929926731	0.000076383691257302351929926731
