-0.500	-0.500	0.008545462859349	0.000000000013888
-0.500	-0.400	-0.015158199617153	0.000000001250153
-0.500	-0.300	-0.001465433305684	0.000000041399377
-0.500	-0.200	0.005370733158323	0.000000504347663
-0.500	-0.100	0.008228952670664	0.000002260329407
-0.500	-0.000	-0.003411600878166	0.000003726653172
-0.500	0.100	0.007064061404230	0.000002260329407
-0.500	0.200	-0.014738795400594	0.000000504347663
-0.500	0.300	0.003886128531109	0.000000041399377
-0.500	0.400	0.006388643702614	0.000000001250153
-0.500	0.500	0.002034550789769	0.000000000013888
-0.400	-0.500	-0.002200764409922	0.000000001250153
-0.400	-0.400	-0.005961441857724	0.000000112535175
-0.400	-0.300	-0.004889043602832	0.000003726653172
-0.400	-0.200	0.007831297700654	0.000045399929762
-0.400	-0.100	0.001488743496827	0.000203468369011
-0.400	-0.000	-0.011597036084925	0.000335462627903
-0.400	0.100	-0.009158871233163	0.000203468369011
-0.400	0.200	0.007443031008501	0.000045399929762
-0.400	0.300	-0.017011023186046	0.000003726653172
-0.400	0.400	-0.012210500373362	0.000000112535175
-0.400	0.500	-0.006143780926420	0.000000001250153
-0.300	-0.500	0.003558658409711	0.000000041399377
-0.300	-0.400	0.009947816029539	0.000003726653172
-0.300	-0.300	0.000236781644886	0.000123409804087
-0.300	-0.200	0.021622400596779	0.001503439192978
-0.300	-0.100	0.014794796989964	0.006737946999085
-0.300	-0.000	0.003636364309545	0.011108996538242
-0.300	0.100	0.004665727970234	0.006737946999085
-0.300	0.200	-0.008793121379441	0.001503439192978
-0.300	0.300	-0.015927878881804	0.000123409804087
-0.300	0.400	-0.005487425193073	0.000003726653172
-0.300	0.500	0.023042347890120	0.000000041399377
-0.200	-0.500	0.011234828331008	0.000000504347663
-0.200	-0.400	-0.014184216335153	0.000045399929762
-0.200	-0.300	-0.012102166769579	0.001503439192978
-0.200	-0.200	0.009376688444538	0.018315638888734
-0.200	-0.100	0.089816811558567	0.082084998623899
-0.200	-0.000	0.145893673100269	0.135335283236613
-0.200	0.100	0.095993868217205	0.082084998623899
-0.200	0.200	0.027692631214143	0.018315638888734
-0.200	0.300	0.013822524997506	0.001503439192978
-0.200	0.400	0.007708150939254	0.000045399929762
-0.200	0.500	0.000499239462069	0.000000504347663
-0.100	-0.500	0.002003584469121	0.000002260329407
-0.100	-0.400	0.002165306718835	0.000203468369011
-0.100	-0.300	0.015806923491165	0.006737946999085
-0.100	-0.200	0.071341548777877	0.082084998623899
-0.100	-0.100	0.363000327018097	0.367879441171442
-0.100	-0.000	0.602257704982581	0.606530659712633
-0.100	0.100	0.404329241921969	0.367879441171442
-0.100	0.200	0.087378531479299	0.082084998623899
-0.100	0.300	-0.005540551145509	0.006737946999085
-0.100	0.400	-0.011645244085732	0.000203468369011
-0.100	0.500	-0.009028410782832	0.000002260329407
-0.000	-0.500	-0.018296152488883	0.000003726653172
-0.000	-0.400	0.003548789217468	0.000335462627903
-0.000	-0.300	0.010460039131810	0.011108996538242
-0.000	-0.200	0.136262154674372	0.135335283236613
-0.000	-0.100	0.601793752476911	0.606530659712633
-0.000	-0.000	1.021668032543338	1.000000000000000
-0.000	0.100	0.590344782021609	0.606530659712634
-0.000	0.200	0.145057871331671	0.135335283236613
-0.000	0.300	0.016371764505935	0.011108996538242
-0.000	0.400	-0.000848970549489	0.000335462627903
-0.000	0.500	-0.004652371305287	0.000003726653172
0.100	-0.500	0.001168292725442	0.000002260329407
0.100	-0.400	-0.005866625708339	0.000203468369011
0.100	-0.300	0.007604593644889	0.006737946999085
0.100	-0.200	0.076459514339204	0.082084998623899
0.100	-0.100	0.369677279771652	0.367879441171442
0.100	-0.000	0.613795634542091	0.606530659712634
0.100	0.100	0.371020185892111	0.367879441171443
0.100	0.200	0.088424053156360	0.082084998623899
0.100	0.300	-0.010595767750140	0.006737946999085
0.100	0.400	-0.010991478243921	0.000203468369011
0.100	0.500	0.003430233066164	0.000002260329407
0.200	-0.500	0.001587094867980	0.000000504347663
0.200	-0.400	0.003590568754805	0.000045399929762
0.200	-0.300	0.020665051875290	0.001503439192978
0.200	-0.200	0.013019690663629	0.018315638888734
0.200	-0.100	0.087627338137527	0.082084998623899
0.200	-0.000	0.162632097645866	0.135335283236613
0.200	0.100	0.079273507108923	0.082084998623899
0.200	0.200	0.031018567783847	0.018315638888734
0.200	0.300	0.018159380085619	0.001503439192978
0.200	0.400	-0.003674599308119	0.000045399929762
0.200	0.500	-0.026205924486727	0.000000504347663
0.300	-0.500	-0.015923207047180	0.000000041399377
0.300	-0.400	-0.006020193669400	0.000003726653172
0.300	-0.300	-0.007988539213684	0.000123409804087
0.300	-0.200	0.005509965950529	0.001503439192978
0.300	-0.100	0.009056616854328	0.006737946999085
0.300	-0.000	0.006896073154983	0.011108996538242
0.300	0.100	0.014194575117397	0.006737946999085
0.300	0.200	0.003712468952239	0.001503439192978
0.300	0.300	0.004568948478463	0.000123409804087
0.300	0.400	-0.006927442928810	0.000003726653172
0.300	0.500	-0.007648052046678	0.000000041399377
0.400	-0.500	0.005271980060777	0.000000001250153
0.400	-0.400	-0.013698868927899	0.000000112535175
0.400	-0.300	0.014296036965389	0.000003726653172
0.400	-0.200	-0.004310416048624	0.000045399929762
0.400	-0.100	-0.010861635986922	0.000203468369011
0.400	-0.000	0.007341397587880	0.000335462627903
0.400	0.100	-0.010219324111309	0.000203468369011
0.400	0.200	0.003898132631720	0.000045399929762
0.400	0.300	-0.003274160612923	0.000003726653172
0.400	0.400	0.014260164159603	0.000000112535175
0.400	0.500	-0.004564390130362	0.000000001250153
0.500	-0.500	0.005187111590684	0.000000000013888
0.500	-0.400	0.004860983681771	0.000000001250153
0.500	-0.300	-0.005563367671666	0.000000041399377
0.500	-0.200	0.001992585418160	0.000000504347663
0.500	-0.100	0.001466403617911	0.000002260329407
0.500	-0.000	-0.004309268697787	0.000003726653172
0.500	0.100	0.000608101085883	0.000002260329407
0.500	0.200	0.010378508950749	0.000000504347663
0.500	0.300	-0.007444257840210	0.000000041399377
0.500	0.400	0.026340265413510	0.000000001250153
0.500	0.500	-0.000826493784788	0.000000000013888
