0.1146390107277611564162711488279	0.119432968266719619077065317470	8.5482698173569495736501266947016	1146.556495360507824443629942834377	-39.307779307910593047381553333253	1191.343858460527826537145301699638
0.0838250684405466711668353241294	0.108067418634829257029217330910	6.3710413434708206281698039674666	1037.447218894360503327334299683571	-36.107800693076711695539415813982	1077.972500882421400092425756156445
0.0673725899895295798902594697211	0.097783444051350046355430833955	4.9015775873326328238022142613772	938.721062892960048884560819715261	-32.353451524691713814263493986800	975.389854412216322998574469238520
0.0413640658288140714016201116010	0.088478119042087313705913231843	3.9614119913358272206949095561868	849.389942804037900714320130646229	-28.618890336447993405499801156111	882.569237444820601012906990945339
0.0298990477416001924904076503253	0.080058312786720542408858136696	1.8576728905887633924720603317837	768.559802752516930013371165841818	-26.189524322361474872877806774341	798.581670047537159007333684712648
0.0171491193814830196473497636589	0.072439757034251456291329418491	0.3402811595127266386384690122213	695.421667528813713943236507475376	-22.767113032161208963088938617148	722.586576416657976551505271345377
0.0074800040304494061840778762473	0.065546202718024332289914468674	-0.2978998966200379627800032267260	629.243546093033387478499207645655	-20.943311959524809395816191681661	653.823372112292531710409093648195
-0.0001805338815670090362938693396	0.059308656829438720359259917814	-0.8787643345760541846445335067983	569.363105562611508503323420882225	-18.755659505258044816855544922873	591.603851873651024106948170810938
0.0014757432851209373401296653938	0.053664691912730135003872788957	-0.9716919634259139071374988816387	515.181042362209154816810041666031	-15.792294154702503305998106952757	535.305301829482914399704895913601
0.0066035572602030452246668623673	0.048557821270009973724235408099	-0.7021684035733787299093933143013	466.155084192095557682478101924062	-13.919067241841009519021099549718	484.364267168349329040211159735918
0.0035496500122576689524589443892	0.043936933623407420368423004220	-0.8514335371325713053280992426153	421.794562784711104086454724892974	-12.550545808887346055371381225996	438.270912893488855388568481430411
0.0009351061828021812712477545126	0.039755781576221303763585268598	-0.5684615007661932839511109705199	381.655503131724344711983576416969	-11.291311630298727308741035813000	396.563921222807380218000616878271
-0.0053326964078509349331813638173	0.035972518753429653937114807150	-0.1398630706904502307708071384695	345.336180032924573879427043721080	-10.071995358845345691634065588005	358.825874565460651410830905660987
0.0025228463671635209704391389351	0.032549280989103430983266918020	-1.0139501982199730090172806740156	312.473097495392835298844147473574	-8.418991586666482618284135241993	324.679077866306613486813148483634
0.0030437272810769169274769385680	0.029451807369107279449549352535	-1.1283996807038365606246088646003	282.737350743429772137460531666875	-7.490110417919478180692749447189	293.781778506845000720204552635550
0.0039074152363125667572485433254	0.026649097336355485193815084699	-1.5863527573272224735489999147831	255.831334429012571263228892348707	-7.042414914097773426249204931082	265.824745930145866168459178879857
-0.0032281921647496630844997866916	0.024113100426816864996215628025	-1.7133329840151167999806602892932	231.485764097441830244861193932593	-6.242622317069234760822382668266	240.528176757498130200474406592548
-0.0041889024804509763025284208027	0.021818435531042762454134731342	-1.7651926046602430808718509069877	209.456981098010430741851450875401	-5.503985380045423703165852202801	217.638894422151480512184207327664
-0.0012195874268344543411846103709	0.019742136871492781124981519270	-1.3222571146048520684956883997074	189.524513966330630410084268078208	-5.139403751791620678091021545697	196.927815293140412222783197648823
-0.0012252408864852795504496452139	0.017863424153314034353856598614	-1.3796512705780630270169240247924	171.488871871814666292266338132322	-4.564516802302566844673492596485	178.187655929307425139995757490396
-0.0007762711150328729112560233183	0.016163494588165874116247877623	-1.2536739858201271236026741462410	155.169548046392321793973678722978	-3.851920242877288735883212211775	161.230858516954526749032083898783
-0.0032598509744196121733217363925	0.014625334709594222173945077259	-1.0810723539242883539657213987084	140.403213212104475360320066101849	-3.714284407965173340215869757230	145.887713728202299989789025858045
-0.0094978002288469316749530690913	0.013233550096540928203703302302	-0.1166499672584442176548336078667	127.042080926792863238006248138845	-3.071330218418903967858568648808	132.004662212995697245787596330047
-0.0100736505045664267998795082804	0.011974211300803611415788374472	-0.2818076033032081983975558614475	114.952428487714627181048854254186	-3.555311972806242337696858157869	119.442757725515974698282661847770
-0.0148597450528627980648188611212	0.010834714436436151605014366339	-0.3273552993221195972495252135559	104.013258589787014329886005725712	-3.310449925968917739282915135846	108.076276503450571908615529537201
-0.0141734605945343580812867401164	0.009803655035821827803954597869	0.3546039861751443811321848897933	94.115088343889510724693536758423	-3.612297941758626063091242031078	97.791458982322694737376878038049
-0.0132578554274911178390006227801	0.008870713909928258297798997489	0.2193588135588320220392688497668	85.158853535311251903294760268182	-3.260211054214008807861091554514	88.485371251534346015432674903423
-0.0169532040310807971539297511754	0.008026553870395154027805872943	0.4301241562083851777131826565892	77.054917155793447136602480895817	-2.959941340999470593686737629469	80.064874857191625778796151280403
-0.0136433979115983053387317625038	0.007262726279814884534913321801	0.2473547818739662840226145590350	69.722172286222871662175748497248	-2.528000094402423236772392556304	72.445694641153451698301068972796
-0.0059281320221141386647700777246	0.006571586494929612838611365788	-0.2256986850161561419803035732912	63.087230351324258492695662425831	-2.594803877341234965570038184524	65.551575286922869167938188184053
-0.0015972357747860727733568708686	0.005946217356472094199559830230	-1.1201971532841750178732809217763	57.083686622132084664826834341511	-2.874082333555981527695166732883	59.313518130809114836665685288608
0.0036290145059885469194793650161	0.005380359959910820458195424010	-1.2179933267306932709317379703862	51.651455615143859745330701116472	-2.633649203873100752559821557952	53.669090600110415323342749616131
0.0071606026384762313727327942559	0.004868351014229763129570471847	-1.2014842208799474398972506605787	46.736169736605710056664975127205	-1.644587906619054518131406439352	48.561801366941871549443021649495
0.0163259420958210173246971663730	0.004405066161808401763166909149	-0.5602707528414544446704326219333	42.288635153360644380882149562240	-1.110520026682995098354922447470	43.940534964038789667029050178826
0.0164989351736755281152557728319	0.003985868692128290494136599875	-0.4961345916738061356809907920251	38.264339444431577419436507625505	-0.780505963316794226791728306125	39.759040203979679972690064460039
0.0144510459753915913166943951751	0.003606563136015730492572872734	-0.8186920601630518490310350898653	34.623006105751002792203507851809	-0.944575201291566135530786141317	35.975467281756898785261000739411
0.0051521602368402048127693504398	0.003263353275976148271109167354	-1.9922669713978711225621509584016	31.328191449371011856328550493345	-1.017217916458273307966919674072	32.551948927862063953853066777810
0.0023974550509427822696240095723	0.002952804152373446604923357128	-1.4103160382715920206919690826908	28.346919862785075139299806323834	-1.411342979186211543662921030773	29.454221419925119107574573718011
0.0063172040196969722267161806428	0.002671807685199447963270147355	-1.6239241114426230527811867432320	25.649353777914690510897344211116	-0.504736683720823364751595363487	26.651281659864483941646540188231
0.0021633831271734957520103126427	0.002417551567364503457141511333	-1.9208469522399682638535978185246	23.208495046699223252062438405119	-1.266457207099658255344820645405	24.115076884460911799124005483463
0.0114002037316967112789978244791	0.002187491118182885094234357837	-2.9580139003366241468029329553246	20.999914734555687800821033306420	-0.978194728838683080773819256137	21.820223903874271798031259095296
0.0131361653189906515959428645601	0.001979323815353194963156946429	-2.3178834392181317802794637827901	19.001508627390663264122849795967	-1.284252426680776215661694550363	19.743755058148114045479815104045
0.0125392984188250917326756805892	0.001790966250541269760843121617	-1.9490714982552064249432532960782	17.193276005196182154577400069684	-0.889851599081879385266802273691	17.864888349149158131012882222421
0.0134796484687492775650374809970	0.001620533277929306695264166649	-1.7492025065247858162109650947968	15.557119468121339167510086554103	-0.531039946680100682918634902308	16.164819447344829228541129850782
0.0098586924867048800202873337639	0.001466319147042903026437188352	-1.7648790537729455163429292952060	14.076663811611863863504368055146	-0.332071768971520908664274429611	14.626533491752951476883026771247
0.0238723222277517875544727843362	0.001326780431026991502463374673	-1.4049722055571356449377162789460	12.737092137859113094577878655400	0.570625429689863516991010783386	13.234634799494235934957941935863
0.0204180110187917700226289952070	0.001200520579511099973982202194	-0.8468148690504722075900190247921	11.524997563306556003226432949305	1.554064680888645577638840222789	11.975192780623217458924045786262
0.0165014114568726791287822663890	0.001086275941463857872340548205	-0.8547965356549271920272303759702	10.428249038053031938488857122138	1.273235219806102103135003744683	10.835602516101978665119531797245
0.0074322946188607177595009112281	0.000982903118148737786965996044	-1.2331091617609990507276052085217	9.435869934227879340937761298846	1.213969314903100116254108797875	9.804458603533655391970569326077
0.0006217688610492753649786057402	0.000889367519605198018038672014	-0.2905196155590271667179536052572	8.537928188209898294758204428945	0.853748402620996382772489141644	8.871441008061847099952501594089
