0.541909904883092541361122584931	0.569793263964337715066221790039	1.000000000000000000000000000000
0.474968546880318809311205541235	0.530844728549080269175419743988	0.904837418035959517581545696885
0.433553500456885898550751790026	0.481991123590913839169758148273	0.818730753077981820986508409987
0.390007208050095810492052805785	0.431867107231914348908219380974	0.740818220681717876097138741898
0.360587946229495526218045142741	0.377876487873990862809137070144	0.670320046035639327541844068037
0.320438228999245733330525354177	0.335128947688129563697856383442	0.606530659712633424263117376540
0.291823997589737094138229167584	0.331251183699601992049821319597	0.548811636094026389365296836331
0.257901037430471991029889977654	0.298393651179339192136552583179	0.496585303791409471418916155017
0.229303165644451883986576490315	0.270844999294113819576779178533	0.449328964117221563157045238768
0.207096057559759960664536038166	0.252906865622828935791233107011	0.406569659740599109731817861757
0.183173207290009298908728396782	0.235674262125426053904320156107	0.367879441171442334024277442950
0.172541095727638232881773205918	0.219196836472724254640809249395	0.332871083698079550661219627727
0.164886925605018191953732298316	0.198001044244364377000522381422	0.301194211912202025605012067899
0.152463788398055105632877825883	0.165930049117056943597248164224	0.272531793034012592702453048332
0.141346477511391288572895064135	0.157051397749585236462976922667	0.246596963941606434067566056001
0.125143014224461945893551728659	0.152983813338134849724170294394	0.223130160148429818045556771722
0.112356401160995461596669997562	0.132839206128460257660961474357	0.201896517994655383398949766161
0.081859014812858038601106613896	0.130991154156600453362102598476	0.182683524052734608256187698316
0.070882300464258210515033908905	0.110206344154767099663416729527	0.165298888221586531832585365009
0.059869464951435497068743529780	0.099085209015160352619133732333	0.149568619222635035281854243294
0.060620962682911477825697943445	0.095985619816942494009204267513	0.135335283236612702317813727859
0.052532179908153793512770590723	0.093953740149000111725463568746	0.122456428252981905369090043223
0.046279178829674166850693950437	0.084707312869180081960074346625	0.110803158362333870057270246434
0.055921523074040802026019036930	0.078868557452125689910538142158	0.100258843722803706044466309777
0.057501325495214007654798393787	0.071543005924119371097269493021	0.090717953289412470163632917775
0.052342083144148676687734678126	0.072620309647405373310036225121	0.082084998623898799974263340573
0.049133102179858570424109132091	0.074255532314152952744201741098	0.074273578214333876856834137925
0.065226382955523729001434674046	0.073136420624064821249810108839	0.067205512739749756478957465333
0.065000223995595018955384603032	0.061510491953141434307017476613	0.060810062625217951859379894586
0.062168502257015707812559668355	0.052449761463991453891431149259	0.055023220056407209921367496008
0.066142076244332242973555935350	0.052117353879302441566068182510	0.049787068367863944462481384789
0.047226336591150115673531928451	0.050633520042841016761681061098	0.045049202393557800927492706933
0.039658468335716720587491579408	0.050154157142689850812367069466	0.040762203978366211287731601942
0.029193646873871138824885207441	0.050694440633590916178707885820	0.036883167401239994043216086084
0.029166765421952095538316029888	0.044886568359168668718162109599	0.033373269960326065741718082336
0.016189860156712389954725139773	0.053045476366929064648836344986	0.030197383422318500867387314202
0.026187107996268815107709926338	0.048962964941431590115694660881	0.027323722447292558834774922616
0.033603470663587091393775807546	0.049380379960831360941497791828	0.024723526470339388105834643738
0.031615060242221146302732392996	0.039801259865767019130444737129	0.022370771856165590912857155104
0.029426273947851175338819018634	0.032201062297104010578863153569	0.020241911445804380842439229582
0.020008815413801665783477545801	0.022962419193538658596098755993	0.018315638888734178668649121846
0.017050694460819686149033458378	0.011403212812379175458699087642	0.016572675401761237379272273529
0.014802376479850332113841204773	0.010605633533549652103289417937	0.014995576820477703183787099306
0.018216166608060514048306188783	0.002788607207490048818521177765	0.013568559012200933841518768475
0.008257226539860424915917569422	-0.004035444757998447873337255487	0.012277339903068435963962024005
0.008963254984570862698989301975	-0.002406411013721100004142394724	0.011108996538242306081900601100
0.004639509349384685239769954279	0.001911960098933687506039813542	0.010051835744633575570050609826
0.007403435331970526465938942096	0.013094149275839952681343980601	0.009095277101695815533122235763
0.011691594880818461169025290758	0.003404319432459324695772195923	0.008229747049020023214049857074
0.013149445396013524980927122954	0.005679374165856804039520522309	0.007446583070924338125518016085
