0.200	-0.500	-0.013338148547869	0.000000504347663
0.200	-0.400	-0.000355276095713	0.000045399929762
0.200	-0.300	-0.010535329371208	0.001503439192978
0.200	-0.200	-0.004650692768277	0.018315638888734
0.200	-0.100	0.101887577432567	0.082084998623899
0.200	-0.000	0.146718548011503	0.135335283236613
0.200	0.100	0.093712773986818	0.082084998623899
0.200	0.200	0.015778150214402	0.018315638888734
0.200	0.300	0.007489367522773	0.001503439192978
0.200	0.400	-0.004682141869333	0.000045399929762
0.200	0.500	-0.005418275351984	0.000000504347663
