-0.500	-0.500	-0.022035740535033	0.000000000013888
-0.500	-0.400	0.006310060159404	0.000000001250153
-0.500	-0.300	0.009867650577901	0.000000041399377
-0.500	-0.200	-0.020338943062423	0.000000504347663
-0.500	-0.100	0.008782071567976	0.000002260329407
-0.500	-0.000	0.000046003657672	0.000003726653172
-0.500	0.100	0.004281161960454	0.000002260329407
-0.500	0.200	-0.008853337966091	0.000000504347663
-0.500	0.300	-0.001754054216150	0.000000041399377
-0.500	0.400	-0.006720572312674	0.000000001250153
-0.500	0.500	-0.001641539468899	0.000000000013888
-0.400	-0.500	0.004375049847022	0.000000001250153
-0.400	-0.400	0.005909015278371	0.000000112535175
-0.400	-0.300	-0.009866180777218	0.000003726653172
-0.400	-0.200	-0.013561916468357	0.000045399929762
-0.400	-0.100	0.010116610838477	0.000203468369011
-0.400	-0.000	0.008545502283353	0.000335462627903
-0.400	0.100	-0.020707539462667	0.000203468369011
-0.400	0.200	-0.000392693749154	0.000045399929762
-0.400	0.300	-0.010135775896051	0.000003726653172
-0.400	0.400	0.001250564198074	0.000000112535175
-0.400	0.500	0.008810046171031	0.000000001250153
-0.300	-0.500	0.004361125118645	0.000000041399377
-0.300	-0.400	0.006253592756015	0.000003726653172
-0.300	-0.300	0.005101144678715	0.000123409804087
-0.300	-0.200	-0.010475489543777	0.001503439192978
-0.300	-0.100	-0.000240379208857	0.006737946999085
-0.300	-0.000	-0.001394261578509	0.011108996538242
-0.300	0.100	0.007073674447384	0.006737946999085
-0.300	0.200	-0.008229866753727	0.001503439192978
-0.300	0.300	0.004108798994740	0.000123409804087
-0.300	0.400	0.004120840445797	0.000003726653172
-0.300	0.500	-0.008228606060307	0.000000041399377
-0.200	-0.500	0.009775482256896	0.000000504347663
-0.200	-0.400	0.001750772035500	0.000045399929762
-0.200	-0.300	0.007044753039925	0.001503439192978
-0.200	-0.200	0.013178848824979	0.018315638888734
-0.200	-0.100	0.073414374113614	0.082084998623899
-0.200	-0.000	0.134328910592539	0.135335283236613
-0.200	0.100	0.083418089691294	0.082084998623899
-0.200	0.200	0.020070260836888	0.018315638888734
-0.200	0.300	-0.011852167790453	0.001503439192978
-0.200	0.400	0.009527253961086	0.000045399929762
-0.200	0.500	0.003479122629169	0.000000504347663
-0.100	-0.500	0.000930683185379	0.000002260329407
-0.100	-0.400	-0.014654397924680	0.000203468369011
-0.100	-0.300	-0.000982905483855	0.006737946999085
-0.100	-0.200	0.082329444677048	0.082084998623899
-0.100	-0.100	0.369903340364549	0.367879441171442
-0.100	-0.000	0.596744716793193	0.606530659712633
-0.100	0.100	0.376352310059707	0.367879441171442
-0.100	0.200	0.082905703725159	0.082084998623899
-0.100	0.300	0.002786360617605	0.006737946999085
-0.100	0.400	-0.015954922860267	0.000203468369011
-0.100	0.500	0.008963988472118	0.000002260329407
-0.000	-0.500	-0.008061202305698	0.000003726653172
-0.000	-0.400	-0.000721571108269	0.000335462627903
-0.000	-0.300	0.008927649501875	0.011108996538242
-0.000	-0.200	0.128376069219080	0.135335283236613
-0.000	-0.100	0.599736828948878	0.606530659712633
-0.000	-0.000	0.988426287504511	1.000000000000000
-0.000	0.100	0.618931038464646	0.606530659712634
-0.000	0.200	0.146208184617655	0.135335283236613
-0.000	0.300	0.009381208807365	0.011108996538242
-0.000	0.400	0.003482359084805	0.000335462627903
-0.000	0.500	0.007424557889240	0.000003726653172
0.100	-0.500	0.002516775344861	0.000002260329407
0.100	-0.400	0.007204332756113	0.000203468369011
0.100	-0.300	0.011124356858337	0.006737946999085
0.100	-0.200	0.076920969931091	0.082084998623899
0.100	-0.100	0.376816564231463	0.367879441171442
0.100	-0.000	0.594358621460606	0.606530659712634
0.100	0.100	0.387831217630109	0.367879441171443
0.100	0.200	0.078338852154269	0.082084998623899
0.100	0.300	0.020535912032480	0.006737946999085
0.100	0.400	-0.004172101599734	0.000203468369011
0.100	0.500	-0.006251292798028	0.000002260329407
0.200	-0.500	0.004382296753113	0.000000504347663
0.200	-0.400	0.005733143557099	0.000045399929762
0.200	-0.300	0.002331122393841	0.001503439192978
0.200	-0.200	0.014107445618242	0.018315638888734
0.200	-0.100	0.072992868255472	0.082084998623899
0.200	-0.000	0.123148570833867	0.135335283236613
0.200	0.100	0.083161352664638	0.082084998623899
0.200	0.200	0.032019828049056	0.018315638888734
0.200	0.300	0.018008782674394	0.001503439192978
0.200	0.400	0.008833964499638	0.000045399929762
0.200	0.500	0.020798361825684	0.000000504347663
0.300	-0.500	0.003374690663091	0.000000041399377
0.300	-0.400	0.010310635865344	0.000003726653172
0.300	-0.300	-0.007106206690656	0.000123409804087
0.300	-0.200	-0.004811442653950	0.001503439192978
0.300	-0.100	0.009553691902328	0.006737946999085
0.300	-0.000	-0.000625238714869	0.011108996538242
0.300	0.100	0.018173061148242	0.006737946999085
0.300	0.200	0.010043487101755	0.001503439192978
0.300	0.300	-0.009731816493277	0.000123409804087
0.300	0.400	0.016670204397008	0.000003726653172
0.300	0.500	-0.003814226493598	0.000000041399377
0.400	-0.500	0.002702937721299	0.000000001250153
0.400	-0.400	-0.014069660584374	0.000000112535175
0.400	-0.300	-0.002247447305822	0.000003726653172
0.400	-0.200	0.001457739845512	0.000045399929762
0.400	-0.100	0.004112519163775	0.000203468369011
0.400	-0.000	-0.010225305785165	0.000335462627903
0.400	0.100	-0.005676693344286	0.000203468369011
0.400	0.200	0.006169561474628	0.000045399929762
0.400	0.300	-0.005625420090772	0.000003726653172
0.400	0.400	-0.005696807175463	0.000000112535175
0.400	0.500	-0.008078551239066	0.000000001250153
0.500	-0.500	-0.015267265902992	0.000000000013888
0.500	-0.400	0.006078138299659	0.000000001250153
0.500	-0.300	0.002036621814277	0.000000041399377
0.500	-0.200	0.017156682705325	0.000000504347663
0.500	-0.100	-0.006116628301473	0.000002260329407
0.500	-0.000	-0.005199818758489	0.000003726653172
0.500	0.100	0.000853236290570	0.000002260329407
0.500	0.200	0.008257865230422	0.000000504347663
0.500	0.300	-0.001724038151401	0.000000041399377
0.500	0.400	-0.009522508524850	0.000000001250153
0.500	0.500	0.011618931596445	0.000000000013888
