-0.500	-0.500	7.072685546108474774484875524649	-0.000000033331065275913756340568	313.959964780143252482957905158401	0.000165960929186320541115634564	-56.245364763710696820453449618071	0.000165960929186320541115634564	218.203733893803985210979590192437	0.000076383691257302324824872419	-148.121195759408692538272589445114	0.000076383691257302324824872419	-7.072685546108324672331946203485	-0.000079994556662192978159671430	215.793038811624512618436710909009	-0.000079994556662192978159671430
-0.500	-0.400	-26.326273727166118021614238386974	-0.000003000366879328192153651711	50.794222699590584113593649817631	0.011001345224203370326554463077	461.527818555588964954949915409088	0.014939326753321617927139364213	56.459979330148065912453603232279	0.003250397452605541075143502638	214.005573456837765888849389739335	0.005500672612101683428553755562	26.326273727165993676635480369441	-0.004500550318992287308905719811	-690.436150221186835551634430885315	-0.004500550318992287308905719811
-0.500	-0.300	122.324290273438890608304063789546	-0.000099358505250844329423354218	-535.106499323945399737567640841007	0.309253347593252958525056328654	522.332172879107702101464383304119	0.494722557394828899024474821999	-143.801993235211398314277175813913	0.037259439469066617245385231172	210.041230954551537024599383585155	0.136617944719910927586781212995	-122.324290273438975873432355001569	-0.079486804200675442722001662332	66.761450798138952222871012054384	-0.079486804200675442722001662332
-0.500	-0.200	-8.360458243911633502420954755507	-0.001210434390162933027124125829	428.573035429708738774934317916632	3.590955357483367915705230188905	311.375708979061471382010495290160	6.026954567686269470527804514859	5.916289207218980550351261626929	0.050434766256788908511676794433	164.076780325783374792081303894520	1.109564857649355085200681969582	8.360458243911580211715772747993	-0.363130317048879991403964595520	77.780178802037227114851702935994	-0.363130317048879991403964595520
-0.500	-0.100	-12.806374631420162302219978300855	-0.005424790576754538740100741734	628.355376527851831269799731671810	16.161355259914561344203320913948	405.906650302640741756476927548647	27.010936413423632274088959093206	-117.786779456483046146786364261061	-0.226032940698105727639344308955	-145.852194000264603346295189112425	2.486362347679163420366421632934	12.806374631420291976269254519138	-0.000000000000000240909096083299	-620.277452676012330812227446585894	-0.000000000000000240909096083299
-0.500	-0.000	-56.067554201176939443485025549307	-0.008943967612988823479014399709	575.306718068411328204092569649220	26.831902838966463775705051375553	-18.151236152679000923626517760567	44.533505406340175625246047275141	-27.459351866996584590197016950697	-0.000000000000000155153105866280	216.688516772033892721083248034120	0.000000000000001137789443019383	56.067554201177024708613316761330	0.894396761298882125856835045852	-295.202251547665866837633075192571	0.894396761298882125856835045852
-0.500	0.100	129.981644692431814291921909898520	-0.005424790576754538740100741734	-168.981899653625333712625433690846	16.161355259914561344203320913948	-58.081423226558278827269532484934	27.010936413423632274088959093206	-25.725595197876433672945495345630	0.226032940698105755394919924584	1.700017695935626349523772660177	-2.486362347679162088098792082747	-129.981644692431899557050201110542	0.000000000000000361363644124948	67.594541412523057033467921428382	0.000000000000000361363644124948
-0.500	0.200	146.917349279533425487898057326674	-0.001210434390162935195528470800	-127.263726579547949313564458861947	3.590955357483373688864958239719	-152.718911441535681206005392596126	6.026954567686279240490421216236	9.893386217021280515382386511192	-0.050434766256788880756101178804	-93.383332242248911825299728661776	-1.109564857649356639512916444801	-146.917349279533539174735778942704	-0.363130317048880324470871983067	187.110249841143314597502467222512	-0.363130317048880324470871983067
-0.500	0.300	20.760079989726616389589253230952	-0.000099358505250844329423354218	315.801876647963524646911537274718	0.309253347593252958525056328654	221.779068911259571450500516220927	0.494722557394828899024474821999	114.186879300920281821163371205330	-0.037259439469066610306491327265	-315.281374659523464742960641160607	-0.136617944719910872075629981737	-20.760079989726602178734538028948	-0.079486804200675428844213854518	-89.929799862683154287879006005824	-0.079486804200675428844213854518
-0.500	0.400	134.969366664120570931117981672287	-0.000003000366879328192153651711	-226.131096199284939984863740392029	0.011001345224203370326554463077	-43.113637982225057498908427078277	0.014939326753321617927139364213	-35.340803856400725635467097163200	-0.003250397452605541075143502638	-222.149941277647258175420574843884	-0.005500672612101683428553755562	-134.969366664120627774536842480302	-0.004500550318992287308905719811	-249.367473397031432114090421237051	-0.004500550318992287308905719811
-0.500	0.500	137.083007996922077609269763343036	-0.000000033331065275913756340568	-188.733431299859233831739402376115	0.000165960929186320541115634564	-173.374557476794223020988283678889	0.000165960929186320541115634564	-189.606528493700523085863096639514	-0.000076383691257302324824872419	215.251375919159187333207228220999	-0.000076383691257302324824872419	-137.083007996922106030979193747044	-0.000079994556662192978159671430	368.039836019688721080456161871552	-0.000079994556662192978159671430
-0.400	-0.500	12.798292030958643650251360668335	-0.000001875229299580120307790556	-355.529303788036543210182571783662	0.014939326753321617927139364213	216.934381486676755912412772886455	0.011001345224203370326554463077	341.441336724000336744211381301284	0.005500672612101683428553755562	23.547350482274872263133147498593	0.003250397452605541075143502638	-12.798292030958501541704208648298	-0.004500550318992287308905719811	-101.363818651284319116712140385062	-0.004500550318992287308905719811
-0.400	-0.400	-124.817099479963403041438141372055	-0.000168802762078888642658172636	-289.322098834378550691326381638646	0.990309537529479699813350634940	343.962813276105237036972539499402	0.990309537529479699813350634940	-93.419038557648747200801153667271	0.234073163416058854791046428545	242.065569191405870697053615003824	0.234073163416058854791046428545	124.817099479963260932890989352018	-0.253204143118332891670974049703	-355.428211535469642967655090615153	-0.253204143118332891670974049703
-0.400	-0.300	-32.485739879249798889304656768218	-0.005589979758118005133404881946	175.465076855719985360337886959314	27.838099195427659537926956545562	320.288243607722847627883311361074	32.794547914292287771331757539883	-344.221448512612539616384310647845	2.683190283896641936678406636929	-158.293766215618404658016515895724	5.813578948442724936285230796784	32.485739879249770467595226364210	-4.471983806494403523856817628257	91.661001826602287678724678698927	-4.471983806494403523856817628257
-0.400	-0.200	52.334326361726112963879131712019	-0.068099894643727260090670938553	88.526753276687315974413650110364	323.247499908892052644659997895360	226.054561031071870047526317648590	399.519381909866524438257329165936	-252.683452141890398934265249408782	3.631994380998789129222359406413	-31.377359237248377610285388072953	47.215926952984233366805710829794	-52.334326361726091647597058909014	-20.429968393118183911383312079124	166.961870132291522850209730677307	-20.429968393118180358669633278623
-0.400	-0.100	140.890436230449267895892262458801	-0.305202553515966201747033892389	279.574308757881567544245626777411	1454.798838426105021426337771117687	388.572105139667428375105373561382	1790.521647293667683698004111647606	68.985115961257875483170209918171	-16.277469520851525430771289393306	429.766628233636708955600624904037	105.803551885534943721722811460495	-140.890436230449353161020553670824	-0.000000000000013553716083512685	-230.662326677810256114753428846598	-0.000000000000013553716083512685
-0.400	-0.000	-185.315386434959521011478500440717	-0.503193941853767645611128500605	-369.691958605426748363242950290442	2415.330920898084059444954618811607	-23.560160505158041388540368643589	2952.071125542103345651412382721901	95.269690946372122652974212542176	-0.000000000000011173150001958898	-10.092591993236585068416388821788	0.000000000000048416983341821891	185.315386434959776806863374076784	50.319394185376751238436554558575	97.787746623750905428096302784979	50.319394185376751238436554558575
-0.400	0.100	36.125762329262279592967388452962	-0.305202553515966201747033892389	-335.889066169452064514189260080457	1454.798838426105021426337771117687	360.662543183901050269923871383071	1790.521647293667683698004111647606	99.713058939293915727830608375371	16.277469520851528983484968193807	38.719181510514324884297820972279	-105.803551885534901089158665854484	-36.125762329262109062710806028917	0.000000000000020330574125269027	-415.436823227733498242741916328669	0.000000000000020330574125269027
-0.400	0.200	218.536932428271910566763835959136	-0.068099894643727398868549016697	103.525803282239081681836978532374	323.247499908892564235429745167494	-267.705291708621302859683055430651	399.519381909867263402702519670129	157.529078090548750878951977938414	-3.631994380998787352865520006162	267.069263210470296598941786214709	-47.215926952984304421079286839813	-218.536932428271825301635544747114	-20.429968393118201674951706081629	434.796882368716069322545081377029	-20.429968393118208780379063682631
-0.400	0.300	69.816608684677106566596194170415	-0.005589979758118015541745737806	-131.382010301856666956155095249414	27.838099195427709275918459752575	61.999042254234716153860063059255	32.794547914292351720177975948900	-360.557307028057550724042812362313	-2.683190283896646377570505137555	48.506428604681310901014512637630	-5.813578948442733818069427798036	-69.816608684677163410015054978430	-4.471983806494409741105755529134	-328.219335839620953265693970024586	-4.471983806494409741105755529134
-0.400	0.400	38.367992157945472797564434586093	-0.000168802762078888642658172636	-53.420412969355069776611344423145	0.990309537529479699813350634940	-530.586011436385092565615195780993	0.990309537529479699813350634940	79.473029773982048595826199743897	-0.234073163416058854791046428545	70.862355157706360841984860599041	-0.234073163416058854791046428545	-38.367992157945487008419149788097	-0.253204143118332891670974049703	458.278997664490930219471920281649	-0.253204143118332891670974049703
-0.400	0.500	-104.602666213176405562990112230182	-0.000001875229299580120307790556	103.328656817018853075751394499093	0.014939326753321617927139364213	93.406755171909551904718682635576	0.011001345224203370326554463077	92.274561844443212521582609042525	-0.005500672612101683428553755562	23.697385089329106477862296742387	-0.003250397452605541075143502638	104.602666213176433984699542634189	-0.004500550318992287308905719811	-353.089878241512565182347316294909	-0.004500550318992287308905719811
-0.300	-0.500	197.334794856219190251067630015314	-0.000033119501750281445399872599	-76.296707110687592034992121625692	0.494722557394828899024474821999	-131.576994330519710274529643356800	0.309253347593252958525056328654	-12.294517980193861106386066239793	0.136617944719910927586781212995	192.914666582167512842715950682759	0.037259439469066617245385231172	-197.334794856219218672777060419321	-0.079486804200675442722001662332	17.967031410350116971130773890764	-0.079486804200675442722001662332
-0.300	-0.400	105.414317305826386927947169169784	-0.002981322537662936100061328304	-115.845693471615774683414201717824	32.794547914292287771331757539883	-177.611970700074465412399149499834	27.838099195427659537926956545562	0.130476650039430541738738611457	5.813578948442724936285230796784	-280.881311536641646853240672498941	2.683190283896641936678406636929	-105.414317305826330084528308361769	-4.471983806494403523856817628257	505.086467052918351328116841614246	-4.471983806494403523856817628257
-0.300	-0.300	152.774020086319183064915705472231	-0.098727843269343626420031512225	-253.430122170991154462171834893525	921.871236527495852897118311375380	65.136856769737377703677339013666	921.871236527495852897118311375380	141.367114940414950297054019756615	66.641294206806946931465063244104	153.430216671332459554832894355059	66.641294206806946931465063244104	-152.774020086318984112949692644179	-78.982274615474892698330222629011	-728.271219923384705907665193080902	-78.982274615474892698330222629011
-0.300	-0.200	408.066498476276876772317336872220	-1.202751354382057602521172157140	-485.667248107525608702417230233550	10704.487054000310308765619993209839	605.617407941488409051089547574520	11230.690771542460424825549125671387	202.146254170756094481475884094834	90.206351578654377476595982443541	446.562369197310601975914323702455	541.238109471925895377353299409151	-408.066498476277104145992780104280	-360.825406314617339376127347350121	-369.327822947688275689870351925492	-360.825406314617339376127347350121
-0.300	-0.100	102.908098172561395244883897248656	-5.390357599268368105072113394272	-90.887162219863071754843986127526	48176.321043461022782139480113983154	1745.031585827799517574021592736244	50332.464083168371871579438447952271	-306.503403019970619425293989479542	-404.276819945127442679222440347075	1303.433527777416202297899872064590	1212.830459835382953315274789929390	-102.908098172561395244883897248656	-0.000000000000239379964706836958	42.820845141363101049591932678595	-0.000000000000239379964706836958
-0.300	-0.000	-876.173761123359440716740209609270	-8.887197230593843144674792711157	97.859626648453726716070377733558	79984.775075344557990320026874542236	2840.923376583315075549762696027756	82984.204140669986372813582420349121	202.122601032580661239990149624646	-0.000000000000277502934087849639	-301.374653565498135776579147204757	0.000000000000555005868175699278	876.173761123359668090415652841330	888.719723059384136831795331090689	964.809753240862846723757684230804	888.719723059384136831795331090689
-0.300	0.100	-61.152822293724653945901081897318	-5.390357599268372545964211894898	-352.890345706195148522965610027313	48176.321043461073713842779397964478	2582.500428603944328642683103680611	50332.464083168415527325123548507690	-129.386800363213041009657899849117	404.276819945127897426573326811194	-899.512166929760837774665560573339	-1212.830459835383408062625676393509	61.152822293724327096242632251233	0.000000000000359069947060255715	-236.186829720446212377282790839672	0.000000000000359069947060255715
-0.300	0.200	376.723548896847717060154536738992	-1.202751354382058934788801707327	30.900773728366910830800406984054	10704.487054000321222702041268348694	690.792374358532924816245213150978	11230.690771542473157751373946666718	-272.657809158797306281485361978412	-90.206351578654263789758260827512	-522.509926706702231058443430811167	-541.238109471926236437866464257240	-376.723548896847660216735675930977	-360.825406314617396219546208158135	-98.604751800096948954887920990586	-360.825406314617396219546208158135
-0.300	0.300	158.575111208676133855988155119121	-0.098727843269343626420031512225	162.334970547654762640377157367766	921.871236527495852897118311375380	-311.182308967861501969309756532311	921.871236527495852897118311375380	-114.329128969780441593684372492135	-66.641294206806932720610348042101	143.304746914162393522929050959647	-66.641294206806932720610348042101	-158.575111208676162277697585523129	-78.982274615474878487475507427007	-226.841486860929961721922154538333	-78.982274615474878487475507427007
-0.300	0.400	86.247085411079311256798973772675	-0.002981322537662936100061328304	-611.680596966754251297970768064260	32.794547914292287771331757539883	44.956821544369077514602395240217	27.838099195427659537926956545562	406.041442366382625550613738596439	-5.813578948442724936285230796784	-61.376179311039024355522997211665	-2.683190283896641936678406636929	-86.247085411079240202525397762656	-4.471983806494403523856817628257	278.013360078645121120644034817815	-4.471983806494403523856817628257
-0.300	0.500	127.991141527298836422232852783054	-0.000033119501750281445399872599	-244.552887170390988558210665360093	0.494722557394828899024474821999	-121.437624754193024045889615081251	0.309253347593252958525056328654	18.413801180445958038944809231907	-0.136617944719910927586781212995	138.127474213037970685036270879209	-0.037259439469066617245385231172	-127.991141527298978530780004803091	-0.079486804200675442722001662332	35.116314907914834009261539904401	-0.079486804200675442722001662332
-0.200	-0.500	89.687746944594380238413577899337	-0.000151304298770366709705678665	368.246202972254764063109178096056	6.026954567686269470527804514859	-106.271161744590600051196815911680	3.590955357483367915705230188905	-117.086708826592726495618990156800	1.109564857649355085200681969582	-69.974311842093030122669006232172	0.050434766256788915450570698340	-89.687746944594294973285286687315	-0.363130317048879991403964595520	-56.229653701229864282140624709427	-0.363130317048879991403964595520
-0.200	-0.400	27.602655140472442951704579172656	-0.013619978928745458610083396422	26.966678647120190248642757069319	399.519381909866524438257329165936	70.157125148548459492303663864732	323.247499908892052644659997895360	42.118477469451299555203149793670	47.215926952984233366805710829794	92.883502554844184828652942087501	3.631994380998789129222359406413	-27.602655140472428740849863970652	-20.429968393118180358669633278623	293.253586636124794040370034053922	-20.429968393118183911383312079124
-0.200	-0.300	366.054164521363304629630874842405	-0.451031757893271767478893252701	100.448527925224738055476336739957	11230.690771542460424825549125671387	-293.710143512784043196006678044796	10704.487054000310308765619993209839	909.861792808307995983341243118048	541.238109471926009064191021025181	184.430873292244001504514017142355	90.206351578654377476595982443541	-366.054164521363418316468596458435	-360.825406314617339376127347350121	-36.216615768865111135710321832448	-360.825406314617339376127347350121
-0.200	-0.200	1774.721218642336680204607546329498	-5.494691666620250103392208984587	-1002.599677048395733436336740851402	130407.348887787200510501861572265625	-664.413673665335295481781940907240	130407.348887787200510501861572265625	722.989086990530267939902842044830	732.625555549366936247679404914379	746.729738162816829571966081857681	732.625555549366936247679404914379	-1774.721218642336225457256659865379	-1648.407499986074981279671192169189	-1876.613368318973471104982309043407	-1648.407499986074981279671192169189
-0.200	-0.100	-83.487048288884579960722476243973	-24.625499587169617399240451049991	-1928.944421272525232780026271939278	586907.740160875488072633743286132812	-4386.871542206540652841795235872269	584445.190202158642932772636413574219	-3361.676566130685841926606371998787	-3283.399944955947830749209970235825	1446.420298320499341571121476590633	1641.699972477975279616657644510269	83.487048288884466273884754627943	-0.000000000001093591865382919570	490.622922438035686809598701074719	-0.000000000001093591865382919570
-0.200	-0.000	-4004.327376739964165608398616313934	-40.600584970983788934972835704684	3430.692479754816758941160514950752	974414.039303610450588166713714599609	-7330.782764161167506244964897632599	963587.216644681524485349655151367188	-314.135656085968207662517670542002	-0.000000000002253785212401813394	-146.127714245226229650143068283796	0.000000000000751261737467271804	4004.327376739965075103100389242172	4060.058497098378211376257240772247	4259.475102752977363707032054662704	4060.058497098378211376257240772247
-0.200	0.100	6.681510080056012768068285367917	-24.625499587169642268236202653497	-1813.711890997203454389818944036961	586907.740160876186564564704895019531	-3721.248765157994512264849618077278	584445.190202159108594059944152832031	3366.546182524264168023364618420601	3283.399944955951013980666175484657	-1814.231160610602273663971573114395	-1641.699972477976189111359417438507	-6.681510080055998557213570165914	0.000000000001640387798074381072	230.603853852550287228950764983892	0.000000000001640387798074381072
-0.200	0.200	1565.584757222606413051835261285305	-5.494691666620253656105887785088	-759.560637903689212180324830114841	130407.348887787287821993231773376465	-442.294071145052043902978766709566	130407.348887787287821993231773376465	-693.356887244118752278154715895653	-732.625555549365799379302188754082	-543.046056667878247026237659156322	-732.625555549367277308192569762468	-1565.584757222606640425510704517365	-1648.407499986074981279671192169189	-1400.791290687750006327405571937561	-1648.407499986074981279671192169189
-0.200	0.300	374.297155365827393325162120163441	-0.451031757893272211568103102763	160.537789294237768444872926920652	11230.690771542473157751373946666718	-477.783145942770829606160987168550	10704.487054000321222702041268348694	-502.843134539413711081579094752669	-541.238109471926350124704185873270	138.725721557736392242077272385359	-90.206351578654448530869558453560	-374.297155365827450168580980971456	-360.825406314617623593221651390195	-289.076527721236118395609082654119	-360.825406314617623593221651390195
-0.200	0.400	-20.384884514695233548309261095710	-0.013619978928745458610083396422	125.389522139198589911757153458893	399.519381909866524438257329165936	-85.437017079121758911242068279535	323.247499908892052644659997895360	-105.687081156355063171758956741542	-47.215926952984233366805710829794	272.274162372574835444538621231914	-3.631994380998789129222359406413	20.384884514695198021172473090701	-20.429968393118180358669633278623	-36.681702099576753539622586686164	-20.429968393118183911383312079124
-0.200	0.500	-19.023950082617588464017899241298	-0.000151304298770366709705678665	64.007636664324280673099565319717	6.026954567686269470527804514859	-131.428393546333751373822451569140	3.590955357483367915705230188905	-160.866850828260396610858151689172	-1.109564857649355085200681969582	115.727421432031107428883842658252	-0.050434766256788915450570698340	19.023950082617670176432511652820	-0.363130317048879991403964595520	-93.808490045556794711956172250211	-0.363130317048879991403964595520
-0.100	-0.500	118.133179237082686086068861186504	-0.000000000000000000100378790035	-230.082423076284669605229282751679	27.010936413423632274088959093206	-514.576713253856610208458732813597	16.161355259914561344203320913948	48.086922592112934182750905165449	2.486362347679162976277211782872	79.503439838539335937639407347888	-0.226032940698105727639344308955	-118.133179237082757140342437196523	-0.000000000000000240909096083299	246.928616425027655623125610873103	-0.000000000000000240909096083299
-0.100	-0.400	-10.658298558468022321221724268980	-0.000000000000000009035810722342	711.136027002401078789262101054192	1790.521647293667683698004111647606	-634.522429547631304558308329433203	1454.798838426105021426337771117687	-57.574780359717713906775315990672	105.803551885534972143432241864502	-21.533145610288848104119097115472	-16.277469520851525430771289393306	10.658298558467985017728096863721	-0.000000000000013553716083512685	178.449751632758790265143034048378	-0.000000000000013553716083512685
-0.100	-0.300	210.350359282844948438651044853032	-0.000000000000000299224955883546	2349.586162922154016996501013636589	50332.464083168371871579438447952271	329.972417911331319828605046495795	48176.321043461022782139480113983154	1507.661774347755908820545300841331	1212.830459835382953315274789929390	-106.441884553818127301383356098086	-404.276819945127442679222440347075	-210.350359282844834751813323237002	-0.000000000000239379964706836958	265.525024235233786384924314916134	-0.000000000000239379964706836958
-0.100	-0.200	-64.359560648886940725788008421659	-0.000000000000003645306217943065	-3843.749287353281488321954384446144	584445.190202158642932772636413574219	-1615.521604487126296589849516749382	586907.740160875488072633743286132812	1662.833707710219641739968210458755	1641.699972477975279616657644510269	-3577.341250955392752075567841529846	-3283.399944955947376001859083771706	64.359560648886912304078578017652	-0.000000000001093591865382919570	-316.028578443981302825704915449023	-0.000000000001093591865382919570
-0.100	-0.100	-32.726147374690647495754092233256	-0.000000000000016337129034990830	-7668.351123867450951365754008293152	2630338.004375810269266366958618164062	-7414.214360300197768083307892084122	2630338.004375810269266366958618164062	-7495.913157801411216496489942073822	-7357.588823428840441920328885316849	-7382.589001894339162390679121017456	-7357.588823428841351415030658245087	32.726147374690633284899377031252	-0.000000000000000000000000000726	-209.599536848292501645119045861065	-0.000000000000000000000000000726
-0.100	-0.000	147.155153508265357231721282005310	-0.000000000000026935372142162047	17736.100468569187796674668788909912	4367020.749930958263576030731201171875	-12106.340321845971629954874515533447	4336694.216945326887071132659912109375	-9.889230091360026619895506883040	-0.000000000005050382276655382917	-5.877210029379172695485067379195	-0.000000000003366921517770254874	-147.155153508265186701464699581265	0.000000000002693537214216204141	191.656389565456862555947736836970	0.000000000002693537214216204141
-0.100	0.100	47.316997094188671724168671062216	-0.000000000000016337129034990840	-7521.832095339454099303111433982849	2630338.004375811200588941574096679688	-7636.957255552112656005192548036575	2630338.004375811200588941574096679688	7322.897316861202853033319115638733	7357.588823428846808383241295814514	7186.197336775419898913241922855377	7357.588823428840441920328885316849	-47.316997094188614880749810254201	0.000000000000000000000000001088	-161.455285593333684346362133510411	0.000000000000000000000000001088
-0.100	0.200	-61.939454032775458358628384303302	-0.000000000000003645306217943070	-3547.021181024846555374097079038620	584445.190202159341424703598022460938	-1663.864884734766519613913260400295	586907.740160876302979886531829833984	-1740.172740735199113260023295879364	-1641.699972477973915374604985117912	3440.664489517276251717703416943550	3283.399944955950559233315289020538	61.939454032775486780337814707309	-0.000000000001093591865382920378	-432.742234198800474587187636643648	-0.000000000001093591865382920378
-0.100	0.300	106.370776335059971984264848288149	-0.000000000000000299224955883547	1745.512962273862513029598630964756	50332.464083168459183070808649063110	-477.271948552264234422182198613882	48176.321043461117369588464498519897	-1158.908082640786460615345276892185	-1212.830459835384544931002892553806	480.727882850225512356701074168086	404.276819945128067956829909235239	-106.370776335059915140845987480134	-0.000000000000239379964706837311	-111.276356227259043407684657722712	-0.000000000000239379964706837311
-0.100	0.400	78.410295053526340325333876535296	-0.000000000000000009035810722342	591.523634916476112266536802053452	1790.521647293667683698004111647606	439.260269130318931729561882093549	1454.798838426105021426337771117687	98.085243305737336072525067720562	-105.803551885534972143432241864502	-22.753301567158967344539632904343	16.277469520851525430771289393306	-78.410295053526354536188591737300	-0.000000000000013553716083512685	-197.175896311775147751177428290248	-0.000000000000013553716083512685
-0.100	0.500	14.540558180269721688659956271295	-0.000000000000000000100378790035	338.513251386580009238969068974257	27.010936413423632274088959093206	-589.199697379070244096510577946901	16.161355259914561344203320913948	-288.500637159402401721308706328273	-2.486362347679162976277211782872	6.186934461562623610575428756420	0.226032940698105727639344308955	-14.540558180269764321224101877306	-0.000000000000000240909096083299	239.190064878580614049496944062412	-0.000000000000000240909096083299
-0.000	-0.500	-56.290247293467395195420976961032	0.000372665317207867717239078154	-62.102673109761092007374827517197	44.533505406340175625246047275141	440.894182445201749942498281598091	26.831902838966463775705051375553	-172.535455591101964500921894796193	0.000000000000001137789443019383	198.323924430645149641350144520402	-0.000000000000000155153105866280	56.290247293467309930292685749009	0.894396761298882125856835045852	-40.563541690575959819398121908307	0.894396761298882125856835045852
-0.000	-0.400	-184.103477820855090385521179996431	0.033546262790251177299261087228	737.384115978666386581608094274998	2952.071125542103345651412382721901	16.754014356368173821465461514890	2415.330920898084059444954618811607	-12.217158214446779851414248696528	0.000000000000048416983341821891	230.696265375625699789452482946217	-0.000000000000011173150001958897	184.103477820855289337487192824483	50.319394185376751238436554558575	257.376694057100166901363991200924	50.319394185376751238436554558575
-0.000	-0.300	-807.324287246799713102518580853939	1.110899653824230393084349088895	2817.348498424386889382731169462204	82984.204140669986372813582420349121	298.242417921064657093666028231382	79984.775075344557990320026874542236	-4.512798260170225006504551856779	0.000000000000555005868175699278	100.771432000508610826727817766368	-0.000000000000277502934087849639	807.324287246799713102518580853939	888.719723059384136831795331090689	1322.094605870308669182122685015202	888.719723059384136831795331090689
-0.000	-0.200	-4178.091089620440470753237605094910	13.533528323661260017729546234477	-6575.598336931971971353050321340561	963587.216644681524485349655151367188	3716.254400880472076096339151263237	974414.039303610450588166713714599609	80.080602004399025872771744616330	0.000000000000751261737467271804	-30.550621059544081248304792097770	-0.000000000002253785212401813394	4178.091089620440470753237605094910	4060.058497098378211376257240772247	3754.227099931395514431642368435860	4060.058497098378211376257240772247
-0.000	-0.100	-160.118491703836582473741145804524	60.653065971263316669137566350400	-12262.658175648926771827973425388336	4336694.216945326887071132659912109375	18172.133912854176742257550358772278	4367020.749930958263576030731201171875	-147.947085340735327463335124775767	-0.000000000003366921517770254470	86.262930073683747878021677024662	-0.000000000005050382276655382917	160.118491703836696160578867420554	0.000000000002693537214216204141	44.458629377154366579816269222647	0.000000000002693537214216204141
-0.000	-0.000	9897.414381456504997913725674152374	99.999999999999985789145284797996	30509.609334734646836295723915100098	7199999.999999996274709701538085937500	29401.843643648444412974640727043152	7199999.999999996274709701538085937500	-30.269136020039084655763872433454	-0.000000000000000000000000002311	61.222121349741051687942672288045	-0.000000000000000000000000002311	-9897.414381456504997913725674152374	-9999.999999999996362021192908287048	-9990.796970623607194283977150917053	-9999.999999999996362021192908287048
-0.000	0.100	-63.273183886511482398873340571299	60.653065971263352196274354355410	-11794.092920296976444660685956478119	4336694.216945328749716281890869140625	17959.891101444452942814677953720093	4367020.749930960126221179962158203125	182.748004280620023109804606065154	0.000000000003366921517770256893	79.149967926454650068990304134786	0.000000000005050382276655383725	63.273183886511439766309194965288	-0.000000000004040305821324308434	-111.509850893445431552208901848644	-0.000000000004040305821324308434
-0.000	0.200	-4096.363046649003990751225501298904	13.533528323661276004941100836731	-6563.509547081855089345481246709824	963587.216644682572223246097564697266	4032.794432737638089747633785009384	974414.039303611614741384983062744141	51.106989501474615167353476863354	-0.000000000000751261737467270997	42.000376954995388700808689463884	0.000000000002253785212401815817	4096.363046649005809740629047155380	4060.058497098380030365660786628723	3473.721707802719720348250120878220	4060.058497098380030365660786628723
-0.000	0.300	-1005.067449715279735755757428705692	1.110899653824231503307373714051	3292.184989563164435821818187832832	82984.204140670059132389724254608154	25.521103248070840407990544917993	79984.775075344645301811397075653076	-16.116415010310959132766583934426	-0.000000000000555005868175699682	439.259454457892388745676726102829	0.000000000000277502934087849841	1005.067449715279963129432871937752	888.719723059384818952821660786867	984.502671017238981221453286707401	888.719723059384818952821660786867
-0.000	0.400	-91.741683269336220973855233751237	0.033546262790251177299261087228	180.456681741913854466474731452763	2952.071125542103345651412382721901	194.413252234161291198688559234142	2415.330920898084059444954618811607	-165.770154591741686544992262497544	-0.000000000000048416983341821891	-201.471042046244775747254607267678	0.000000000000011173150001958897	91.741683269336306238983524963260	50.319394185376751238436554558575	199.376290621902796829090220853686	50.319394185376751238436554558575
-0.000	0.500	64.156338049810230472758121322840	0.000372665317207867717239078154	14.626442913772351062107190955430	44.533505406340175625246047275141	158.384702186405377233313629403710	26.831902838966463775705051375553	-61.654909252902783123317931313068	-0.000000000000001137789443019383	-434.296531447368295175692765042186	0.000000000000000155153105866280	-64.156338049810130996775114908814	0.894396761298882125856835045852	-66.601746128056234397263324353844	0.894396761298882125856835045852
0.100	-0.500	74.296510300299502205234603025019	0.000000000000000000150568185052	-6.861388046758980507888736610767	27.010936413423632274088959093206	392.030970516072613918368006125093	16.161355259914561344203320913948	67.132004015122774376322922762483	-2.486362347679162088098792082747	-28.602583841744813497598443063907	0.226032940698105755394919924584	-74.296510300299587470362894237041	0.000000000000000361363644124948	-124.693626716436099854945496190339	0.000000000000000361363644124948
0.100	-0.400	71.559935523443371607754670549184	0.000000000000000013553716083513	-32.602433321883225403325923252851	1790.521647293667683698004111647606	-204.516400658396605649613775312901	1454.798838426105021426337771117687	-75.018417315184947824491246137768	-105.803551885534872667449235450476	22.350120840668136423801115597598	16.277469520851528983484968193807	-71.559935523443584770575398579240	0.000000000000020330574125269027	3.157717352891980855389419957646	0.000000000000020330574125269027
0.100	-0.300	98.694640789958882010068919043988	0.000000000000000448837433825320	2544.385807042013311729533597826958	50332.464083168415527325123548507690	-151.281998748855045278105535544455	48176.321043461073713842779397964478	-1170.755760497115716134430840611458	-1212.830459835383180688950233161449	555.552777695229110577201936393976	404.276819945127954269992187619209	-98.694640789958896220923634245992	0.000000000000359069947060255715	-167.669181451960042750215507112443	0.000000000000359069947060255715
0.100	-0.200	-82.290189031148642584412300493568	0.000000000000005467959326914603	-4088.112297018380104418611153960228	584445.190202159108594059944152832031	-1878.419625292538512439932674169540	586907.740160876186564564704895019531	-1575.687976597495435271412134170532	-1641.699972477975961737683974206448	3148.970059184169713262235745787621	3283.399944955951013980666175484657	82.290189031148514686719863675535	0.000000000001640387798074381072	177.452385563812640612013638019562	0.000000000001640387798074381072
0.100	-0.100	-175.045761045094934615917736664414	0.000000000000024505693552486258	-7240.778226560350958607159554958344	2630338.004375811200588941574096679688	-7449.608662236473719531204551458359	2630338.004375811200588941574096679688	7219.285433419177934410981833934784	7357.588823428840441920328885316849	6990.306809112157679919619113206863	7357.588823428845898888539522886276	175.045761045094877772498875856400	0.000000000000000000000000001088	151.862820135905224105954403057694	0.000000000000000000000000001088
0.100	-0.000	98.004139192279197345669672358781	0.000000000000040403058213243096	18340.337798785254562972113490104675	4367020.749930960126221179962158203125	-11883.828563351191405672580003738403	4336694.216945328749716281890869140625	115.229226139696038444526493549347	0.000000000005050382276655382917	145.601461430387047357726260088384	0.000000000003366921517770257297	-98.004139192279296821652678772807	-0.000000000004040305821324308434	-493.377477562589660919911693781614	-0.000000000004040305821324308434
0.100	0.100	65.772490926571705927017319481820	0.000000000000024505693552486274	-6788.785011524089895829092711210251	2630338.004375813063234090805053710938	-7387.107888568870293966028839349747	2630338.004375813063234090805053710938	-7174.457543315357725077774375677109	-7357.588823428846808383241295814514	-7570.469745726299152011051774024963	-7357.588823428846808383241295814514	-65.772490926571791192145610693842	-0.000000000000000000000000001632	-154.070176505265521882392931729555	-0.000000000000000000000000001632
0.100	0.200	190.182213270023652285090065561235	0.000000000000005467959326914608	-3891.106298990001050697173923254013	584445.190202159690670669078826904297	-1752.264606352618784512742422521114	586907.740160876652225852012634277344	1823.883763742332575930049642920494	1641.699972477973688000929541885853	-3411.668478002506617485778406262398	-3283.399944955952832970069721341133	-190.182213270023652285090065561235	0.000000000001640387798074381072	-19.712519910832792646715461160056	0.000000000001640387798074381072
0.100	0.300	-6.663786849551155633264443167718	0.000000000000000448837433825321	2232.090116178306288929888978600502	50332.464083168510114774107933044434	-348.660392851361280008859466761351	48176.321043461153749376535415649414	1232.299310899969896127004176378250	1212.830459835385454425704665482044	-287.647320093997166168264811858535	-404.276819945128579547599656507373	6.663786849550994872970477445051	0.000000000000359069947060256321	-53.841552692293582538241025758907	0.000000000000359069947060256321
0.100	0.400	163.640795786765806951734703034163	0.000000000000000013553716083513	671.993445443967516439442988485098	1790.521647293667683698004111647606	146.188826972069250587082933634520	1454.798838426105021426337771117687	-278.697699710972585762647213414311	105.803551885534872667449235450476	394.059942137846803689171792939305	-16.277469520851528983484968193807	-163.640795786765835373444133438170	0.000000000000020330574125269027	77.016277457125738692411687225103	0.000000000000020330574125269027
0.100	0.500	52.564535544402986033674096688628	0.000000000000000000150568185052	160.221186243689231787357130087912	27.010936413423632274088959093206	-434.891306653775586710253264755011	16.161355259914561344203320913948	18.934706776087548263376447721384	2.486362347679162088098792082747	-27.234563221180561498613315052353	-0.226032940698105755394919924584	-52.564535544402872346836375072598	0.000000000000000361363644124948	102.055293571402728503016987815499	0.000000000000000361363644124948
0.200	-0.500	-61.953504643411491770166321657598	-0.000151304298770366845230950226	-92.473136156799839113773487042636	6.026954567686279240490421216236	451.803298340512355935061350464821	3.590955357483373688864958239719	118.022382571764893555155140347779	-1.109564857649356639512916444801	-266.413116158243724385101813822985	-0.050434766256788880756101178804	61.953504643411449137602176051587	-0.363130317048880324470871983067	417.258767031918750944896601140499	-0.363130317048880324470871983067
0.200	-0.400	-66.743184694255205613444559276104	-0.013619978928745472487871204237	194.434261048649744907379499636590	399.519381909867263402702519670129	-42.290501597335278916034440044314	323.247499908892564235429745167494	250.327488293116118711623130366206	-47.215926952984304421079286839813	-22.887396305248945083121725474484	-3.631994380998787352865520006162	66.743184694255333511136996094137	-20.429968393118208780379063682631	-368.844604310502290900330990552902	-20.429968393118201674951706081629
0.200	-0.300	358.417532885368530060077318921685	-0.451031757893271822990044483959	668.862652620061680863727815449238	11230.690771542473157751373946666718	-276.659452982935533782438142225146	10704.487054000321222702041268348694	-368.003869306079764101014006882906	-541.238109471926350124704185873270	-160.927426845294604618175071664155	-90.206351578654263789758260827512	-358.417532885368586903496179729700	-360.825406314617396219546208158135	-356.843542216362095587101066485047	-360.825406314617396219546208158135
0.200	-0.200	1741.280725723565410589799284934998	-5.494691666620250103392208984587	-942.791150675603830677573569118977	130407.348887787287821993231773376465	-1132.433067096716058586025610566139	130407.348887787287821993231773376465	-762.645130712050217880459968000650	-732.625555549367277308192569762468	-763.396229173648521282302681356668	-732.625555549365799379302188754082	-1741.280725723565410589799284934998	-1648.407499986074981279671192169189	-1739.868003166865264574880711734295	-1648.407499986074981279671192169189
0.200	-0.100	-120.558119331178843935958866495639	-24.625499587169635162808845052496	-1979.801290652926809343625791370869	586907.740160876302979886531829833984	-3931.455555365057989547494798898697	584445.190202159341424703598022460938	3124.873947899624909041449427604675	3283.399944955951013980666175484657	-1508.417496352509033386013470590115	-1641.699972477973915374604985117912	120.558119331178673405702284071594	-0.000000000001093591865382920378	71.411734237873105257676797918975	-0.000000000001093591865382920378
0.200	-0.000	-4078.044209411991232627769932150841	-40.600584970983810251254908507690	4310.559108336509780201595276594162	974414.039303611614741384983062744141	-6740.384134515138612187001854181290	963587.216644682572223246097564697266	-25.976852481910075454152320162393	0.000000000002253785212401815817	153.224346869528915249247802421451	-0.000000000000751261737467270997	4078.044209411989413638366386294365	4060.058497098380030365660786628723	3891.554690072219727881019935011864	4060.058497098380030365660786628723
0.200	0.100	-171.622611266238209282164461910725	-24.625499587169645820949881453998	-1915.055098404594218663987703621387	586907.740160876652225852012634277344	-4413.813778583490602613892406225204	584445.190202159690670669078826904297	-3733.777848955182435020105913281441	-3283.399944955952832970069721341133	1433.112021028607614425709471106529	1641.699972477973915374604985117912	171.622611266238038751907879486680	0.000000000001640387798074381072	-172.464819778168617858682409860194	0.000000000001640387798074381072
0.200	0.200	1663.800856381594940103241242468357	-5.494691666620258096997986285714	-655.055208879657698162191081792116	130407.348887787476996891200542449951	-933.121413780687930739077273756266	130407.348887787476996891200542449951	618.880453137676795449806377291679	732.625555549366708874003961682320	771.615194030442239636613521724939	732.625555549366708874003961682320	-1663.800856381594485355890356004238	-1648.407499986076345521723851561546	-1563.147751040557295709731988608837	-1648.407499986076345521723851561546
0.200	0.300	313.551984558241770173481199890375	-0.451031757893271822990044483959	569.182507210255721474823076277971	11230.690771542473157751373946666718	-509.583201448388194876315537840128	10704.487054000321222702041268348694	298.600266109914571188710397109389	541.238109471926236437866464257240	75.352680898553259680738847237080	90.206351578654235368048830423504	-313.551984558241429112968035042286	-360.825406314617339376127347350121	-255.567816636444064215538674034178	-360.825406314617339376127347350121
0.200	0.400	-33.656714861815515860143932513893	-0.013619978928745472487871204237	254.100709587411216716645867563784	399.519381909867263402702519670129	99.570371009423809027794050052762	323.247499908892564235429745167494	161.400356225555384526160196401179	47.215926952984304421079286839813	32.997156778262734633244690485299	3.631994380998787352865520006162	33.656714861815508754716574912891	-20.429968393118208780379063682631	114.411484855638690305568161420524	-20.429968393118201674951706081629
0.200	0.500	-41.427386490585611511505703674629	-0.000151304298770366845230950226	421.503852689961775013216538354754	6.026954567686279240490421216236	457.342264656480608664423925802112	3.590955357483373688864958239719	-143.966303438833961081400047987700	1.109564857649356639512916444801	379.154213229664662776485783979297	0.050434766256788880756101178804	41.427386490585767830907570896670	-0.363130317048880324470871983067	-291.040094136421316761698108166456	-0.363130317048880324470871983067
0.300	-0.500	107.424098618182739528492675162852	-0.000033119501750281438623609020	112.251697297145156539954768959433	0.494722557394828899024474821999	-70.938259573411230007877747993916	0.309253347593252958525056328654	496.542456436718282475339947268367	-0.136617944719910872075629981737	-106.063279416099916829807625617832	-0.037259439469066610306491327265	-107.424098618182767950202105566859	-0.079486804200675428844213854518	-347.274758176933971753896912559867	-0.079486804200675428844213854518
0.300	-0.400	-108.407823256471672834777564276010	-0.002981322537662940870550887240	204.496650200208279102298547513783	32.794547914292351720177975948900	-148.992793803174265576672041788697	27.838099195427709275918459752575	-44.000339827503800904651143355295	-5.813578948442733818069427798036	28.525313825598043848685847478919	-2.683190283896646377570505137555	108.407823256471644413068133872002	-4.471983806494409741105755529134	83.544146537017638820543652400374	-4.471983806494409741105755529134
0.300	-0.300	103.351366944033642880640400107950	-0.098727843269343612542243704411	76.634633417124689458432840183377	921.871236527495852897118311375380	158.223283914055713239577016793191	921.871236527495852897118311375380	-34.693149147040166724309528945014	-66.641294206806932720610348042101	-82.196934680292329744588641915470	-66.641294206806932720610348042101	-103.351366944033600248076254501939	-78.982274615474878487475507427007	-236.312139575929307966362102888525	-78.982274615474878487475507427007
0.300	-0.200	366.845050926921032896643737331033	-1.202751354382058490699591857265	-92.404227706401073305642057675868	10704.487054000321222702041268348694	-129.845878489208274686461663804948	11230.690771542473157751373946666718	-423.993275987973731844249414280057	-90.206351578654448530869558453560	-536.701636179486285982420668005943	-541.238109471926350124704185873270	-366.845050926921146583481458947062	-360.825406314617623593221651390195	148.883560911077381661016261205077	-360.825406314617623593221651390195
0.300	-0.100	-2.814495731459151883768754487392	-5.390357599268376098677890695399	31.492865514668363147166019189171	48176.321043461117369588464498519897	2106.068902156400326930452138185501	50332.464083168459183070808649063110	715.641849586482067024917341768742	404.276819945128124800248770043254	-1319.560105104486410709796473383904	-1212.830459835384772304678335785866	2.814495731459179417299765191274	-0.000000000000239379964706837311	-415.106549356261723460193024948239	-0.000000000000239379964706837311
0.300	-0.000	-957.550556420865063955716323107481	-8.887197230593850250102150312159	472.393626219638520069565856829286	79984.775075344645301811397075653076	3510.784422768460899533238261938095	82984.204140670059132389724254608154	94.674464148491409787311567924917	0.000000000000277502934087849841	7.691320345221726917372961906949	-0.000000000000555005868175699682	957.550556420865518703067209571600	888.719723059384818952821660786867	935.293331896151698856556322425604	888.719723059384818952821660786867
0.300	0.100	117.034152826889226162165869027376	-5.390357599268380539569989196025	490.672612201135621035064104944468	48176.321043461153749376535415649414	1836.418974239752742505515925586224	50332.464083168510114774107933044434	-489.891620122693780103872995823622	-404.276819945128579547599656507373	1302.916407290953202391392551362514	1212.830459835385454425704665482044	-117.034152826889226162165869027376	0.000000000000359069947060256321	552.943379645657728360674809664488	0.000000000000359069947060256321
0.300	0.200	312.660138898306115606828825548291	-1.202751354382058490699591857265	-84.458144999971565880514390300959	10704.487054000321222702041268348694	32.936004564907108260740642435849	11230.690771542473157751373946666718	-137.727049215963603501222678460181	90.206351578654235368048830423504	390.509568023869519493018742650747	541.238109471926122751028742641211	-312.660138898306286137085407972336	-360.825406314617339376127347350121	28.104586963594421433754177996889	-360.825406314617339376127347350121
0.300	0.300	-65.294313494472945080815406981856	-0.098727843269343779075697398184	189.169422239411289865529397502542	921.871236527497558199684135615826	-11.645531866597442771649184578564	921.871236527497558199684135615826	4.731733667789138841897056408925	66.641294206807046407448069658130	229.403707795790325008056242950261	66.641294206807046407448069658130	65.294313494473016135088982991874	-78.982274615474992174313229043037	-70.295474925595712534232006873935	-78.982274615474992174313229043037
0.300	0.400	35.854038585573029251918342197314	-0.002981322537662940870550887240	-364.291185189289763002307154238224	32.794547914292351720177975948900	62.964379197977500268734729615971	27.838099195427709275918459752575	-91.456113773836747782297607045621	5.813578948442733818069427798036	-296.250662978031982675020117312670	2.683190283896646377570505137555	-35.854038585572872932516474975273	-4.471983806494409741105755529134	-2.371561718167841004145657279878	-4.471983806494409741105755529134
0.300	0.500	-43.995404508389633235765359131619	-0.000033119501750281438623609020	-155.047379238379022581284516490996	0.494722557394828899024474821999	105.981522309857751906747580505908	0.309253347593252958525056328654	-196.431001279250466495795990340412	0.136617944719910872075629981737	92.212606540341440108932147268206	0.037259439469066610306491327265	43.995404508389491127218207111582	-0.079486804200675428844213854518	343.908288567223678455775370821357	-0.079486804200675428844213854518
0.400	-0.500	-110.329403575317954278034449089319	-0.000001875229299580120307790556	-73.908927758545516439880884718150	0.014939326753321617927139364213	-55.430106188259635757731302874163	0.011001345224203370326554463077	59.772998185465958442819101037458	-0.005500672612101683428553755562	121.291676940675515083967184182256	-0.003250397452605541075143502638	110.329403575317954278034449089319	-0.004500550318992287308905719811	-64.530886704725062941179203335196	-0.004500550318992287308905719811
0.400	-0.400	-21.325886676870108971115769236349	-0.000168802762078888642658172636	179.400037478872320662048878148198	0.990309537529479699813350634940	24.362243498520935958140398724936	0.990309537529479699813350634940	-200.766893484389328250472317449749	-0.234073163416058854791046428545	-122.839943531167676837867475114763	-0.234073163416058854791046428545	21.325886676870148050966236041859	-0.253204143118332891670974049703	42.621223077018541403049312066287	-0.253204143118332891670974049703
0.400	-0.300	21.492450660771591941511360346340	-0.005589979758118005133404881946	-114.966540904174550519201147835702	27.838099195427659537926956545562	247.274343879396496959088835865259	32.794547914292287771331757539883	68.879626381268252544032293371856	-2.683190283896641936678406636929	-209.362603245591174072615103796124	-5.813578948442724936285230796784	-21.492450660771659443071257555857	-4.471983806494403523856817628257	-28.480156826902600641915341839194	-4.471983806494403523856817628257
0.400	-0.200	55.305687121211420276267745066434	-0.068099894643727260090670938553	-210.369029987401262360435794107616	323.247499908892052644659997895360	378.302318341171940119238570332527	399.519381909866524438257329165936	113.600767256947023042812361381948	-3.631994380998789129222359406413	-61.181254206151201913144177524373	-47.215926952984233366805710829794	-55.305687121211363432848884258419	-20.429968393118183911383312079124	206.492636143131107928638812154531	-20.429968393118180358669633278623
0.400	-0.100	37.369363283181129986587620805949	-0.305202553515966201747033892389	77.832081872232294017521780915558	1454.798838426105021426337771117687	127.221890831336253313565975986421	1790.521647293667683698004111647606	325.076093545070875734381843358278	16.277469520851525430771289393306	31.549073391205581629037624225020	-105.803551885534943721722811460495	-37.369363283181051826886687194929	-0.000000000000013553716083512685	-462.739261445539966643991647288203	-0.000000000000013553716083512685
0.400	-0.000	-58.487516255102917739350232295692	-0.503193941853767645611128500605	87.906433552136277853605861309916	2415.330920898084059444954618811607	699.789509227235043908876832574606	2952.071125542103345651412382721901	-5.986346307851015069445566041395	0.000000000000011173150001958898	99.100027162499841892895346973091	-0.000000000000048416983341821891	58.487516255102917739350232295692	50.319394185376751238436554558575	-345.307557487040469368366757407784	50.319394185376751238436554558575
0.400	0.100	108.778531916647366983852407429367	-0.305202553515966201747033892389	-331.220716881399312114808708429337	1454.798838426105021426337771117687	-42.740458847142988929590501356870	1790.521647293667683698004111647606	176.629289789801589449780294671655	-16.277469520851528983484968193807	-119.946809971752571755132521502674	105.803551885534901089158665854484	-108.778531916647310140433546621352	0.000000000000020330574125269027	-13.272403187047052242064637539443	0.000000000000020330574125269027
0.400	0.200	85.691956723514309146594314370304	-0.068099894643727398868549016697	41.794161592741779998050333233550	323.247499908892564235429745167494	81.109058127717048591875936836004	399.519381909867263402702519670129	-280.317529386532612534210784360766	3.631994380998787352865520006162	365.193392169195874430442927405238	47.215926952984304421079286839813	-85.691956723514451255141466390342	-20.429968393118201674951706081629	64.539718891518845111932023428380	-20.429968393118208780379063682631
0.400	0.300	-169.531272951674537807775777764618	-0.005589979758118015541745737806	-35.358219123916526882567268330604	27.838099195427709275918459752575	-19.011579116613443574124175938778	32.794547914292351720177975948900	-280.738184290170465828850865364075	2.683190283896646377570505137555	-112.019780100420518920145696029067	5.813578948442733818069427798036	169.531272951674594651194638572633	-4.471983806494409741105755529134	-305.425043682715738668775884434581	-4.471983806494409741105755529134
0.400	0.400	-7.556988136724094751173197437311	-0.000168802762078888642658172636	-25.631086791946653846707704360597	0.990309537529479699813350634940	26.641067947317694120101805310696	0.990309537529479699813350634940	60.015216147949047353904461488128	0.234073163416058854791046428545	-236.609671527151789405252202413976	0.234073163416058854791046428545	7.556988136724084093032161035808	-0.253204143118332891670974049703	-8.815008779820173501207136723679	-0.253204143118332891670974049703
0.400	0.500	-90.894679087507327608363993931562	-0.000001875229299580120307790556	-283.485180345955882330599706619978	0.014939326753321617927139364213	-8.180852631626684967613982735202	0.011001345224203370326554463077	180.271420497558040096919285133481	0.005500672612101683428553755562	167.295761726631525334596517495811	0.003250397452605541075143502638	90.894679087507327608363993931562	-0.004500550318992287308905719811	-81.839623719453499006704078055918	-0.004500550318992287308905719811
0.500	-0.500	109.597316123256760533877240959555	-0.000000033331065275913756340568	-75.288442962742848862944811116904	0.000165960929186320541115634564	82.591291676476870975420752074569	0.000165960929186320541115634564	-215.364154359749875311536015942693	-0.000076383691257302324824872419	-115.196375300742460012770607136190	-0.000076383691257302324824872419	-109.597316123256575792765943333507	-0.000079994556662192978159671430	-415.251560751626584533369168639183	-0.000079994556662192978159671430
0.500	-0.400	-18.092099832389219926653822767548	-0.000003000366879328192153651711	-189.415394595550793610527762211859	0.011001345224203370326554463077	525.484276097398605998023413121700	0.014939326753321617927139364213	23.524330562850092718463201890700	-0.003250397452605541075143502638	201.096410882562082633739919401705	-0.005500672612101683428553755562	18.092099832389184399517034762539	-0.004500550318992287308905719811	-508.442738343863481986772967502475	-0.004500550318992287308905719811
0.500	-0.300	277.208849971555821412039222195745	-0.000099358505250844329423354218	-623.662190599698533333139494061470	0.309253347593252958525056328654	-325.061333647719095552020007744431	0.494722557394828899024474821999	130.703368557641681491077179089189	-0.037259439469066617245385231172	253.481785681947684452097746543586	-0.136617944719910927586781212995	-277.208849971555821412039222195745	-0.079486804200675442722001662332	403.881061930451210173487197607756	-0.079486804200675442722001662332
0.500	-0.200	42.261944309784460926948668202385	-0.001210434390162933027124125829	234.198483094423210104650934226811	3.590955357483367915705230188905	-106.077915942458815834470442496240	6.026954567686269470527804514859	-80.173850112952578683689353056252	-0.050434766256788908511676794433	-124.557823482970761119759117718786	-1.109564857649355085200681969582	-42.261944309784546192076959414408	-0.363130317048879991403964595520	-185.542557258816771081910701468587	-0.363130317048879991403964595520
0.500	-0.100	-149.502929259722947108457447029650	-0.005424790576754538740100741734	334.056114027315629755321424454451	16.161355259914561344203320913948	-68.034083545608424969941552262753	27.010936413423632274088959093206	-52.334782901685649392220511799678	0.226032940698105727639344308955	-85.206222005450442225082952063531	-2.486362347679163420366421632934	149.502929259722776578200864605606	-0.000000000000000240909096083299	208.978732459496683304678299464285	-0.000000000000000240909096083299
0.500	-0.000	-76.898507318540310961907380260527	-0.008943967612988823479014399709	173.181983428121384349651634693146	26.831902838966463775705051375553	-307.521399222660647865268401801586	44.533505406340175625246047275141	25.970106338307633819795228191651	0.000000000000000155153105866280	-26.629864307601941675329726422206	-0.000000000000001137789443019383	76.898507318540254118488519452512	0.894396761298882125856835045852	-62.175420335734465027144324267283	0.894396761298882125856835045852
0.500	0.100	105.703818442610568695272377226502	-0.005424790576754538740100741734	398.461528808914295041176956146955	16.161355259914561344203320913948	268.733982250013468728866428136826	27.010936413423632274088959093206	-101.702301042952086618242901749909	-0.226032940698105755394919924584	48.020575123395168759543594205752	2.486362347679162088098792082747	-105.703818442610511851853516418487	0.000000000000000361363644124948	-123.660637459514063607457501348108	0.000000000000000361363644124948
0.500	0.200	287.514397811941989857587032020092	-0.001210434390162935195528470800	100.750800995878464050292677711695	3.590955357483373688864958239719	-6.484636443770161129407370026456	6.026954567686279240490421216236	260.179038583397186812362633645535	0.050434766256788880756101178804	-182.537489566654670625212020240724	1.109564857649356639512916444801	-287.514397811942103544424753636122	-0.363130317048880324470871983067	40.951853994366587130571133457124	-0.363130317048880324470871983067
0.500	0.300	32.634924677562771933025942416862	-0.000099358505250844329423354218	87.486771121921094618301140144467	0.309253347593252958525056328654	-10.937715648257089640082995174453	0.494722557394828899024474821999	-276.381834404527239712479058653116	0.037259439469066610306491327265	121.032988392954692358216561842710	0.136617944719910872075629981737	-32.634924677562793249308015219867	-0.079486804200675428844213854518	163.390269768858331644878489896655	-0.079486804200675428844213854518
0.500	0.400	-64.348983421462904175314179155976	-0.000003000366879328192153651711	-176.132921918438711372800753451884	0.011001345224203370326554463077	-129.668050920562450301076751202345	0.014939326753321617927139364213	225.280995989786646305219619534910	0.003250397452605541075143502638	-69.279024703366019366512773558497	0.005500672612101683428553755562	64.348983421462975229587755165994	-0.004500550318992287308905719811	-96.306098009210785448885872028768	-0.004500550318992287308905719811
0.500	0.500	253.776735185741898703781771473587	-0.000000033331065275913756340568	340.908639568697594768309500068426	0.000165960929186320541115634564	331.101659004833209110074676573277	0.000165960929186320541115634564	-86.735115289273821304050215985626	0.000076383691257302324824872419	-13.972224367752700047162761620712	0.000076383691257302324824872419	-253.776735185741841860362910665572	-0.000079994556662192978159671430	-260.995849313753808473848039284348	-0.000079994556662192978159671430
