-0.500	-0.500	0.001989029716779	0.000000000013888
-0.500	-0.400	0.001404779649934	0.000000001250153
-0.500	-0.300	0.003597927272500	0.000000041399377
-0.500	-0.200	-0.004662597052899	0.000000504347663
-0.500	-0.100	0.001220246002893	0.000002260329407
-0.500	-0.000	0.000397928802977	0.000003726653172
-0.500	0.100	0.001839811560936	0.000002260329407
-0.500	0.200	-0.003483659206904	0.000000504347663
-0.500	0.300	0.001547338176593	0.000000041399377
-0.500	0.400	-0.005381120834522	0.000000001250153
-0.500	0.500	0.001320044091673	0.000000000013888
-0.400	-0.500	0.002468780883537	0.000000001250153
-0.400	-0.400	-0.001097005864078	0.000000112535175
-0.400	-0.300	-0.007299065778523	0.000003726653172
-0.400	-0.200	0.000892794931155	0.000045399929762
-0.400	-0.100	0.007982187872281	0.000203468369011
-0.400	-0.000	0.005558266908128	0.000335462627903
-0.400	0.100	0.000429081392160	0.000203468369011
-0.400	0.200	0.003840336907065	0.000045399929762
-0.400	0.300	0.001954019892925	0.000003726653172
-0.400	0.400	-0.000863032398474	0.000000112535175
-0.400	0.500	0.001082584567740	0.000000001250153
-0.300	-0.500	-0.004686096616620	0.000000041399377
-0.300	-0.400	0.008113075756964	0.000003726653172
-0.300	-0.300	0.001295078228843	0.000123409804087
-0.300	-0.200	0.005025315544736	0.001503439192978
-0.300	-0.100	0.008173287506322	0.006737946999085
-0.300	-0.000	0.006973972050939	0.011108996538242
-0.300	0.100	0.007826224114766	0.006737946999085
-0.300	0.200	0.001840741227938	0.001503439192978
-0.300	0.300	-0.000849738733538	0.000123409804087
-0.300	0.400	0.001424196250387	0.000003726653172
-0.300	0.500	0.002574336436227	0.000000041399377
-0.200	-0.500	-0.001022605578157	0.000000504347663
-0.200	-0.400	0.005822266743136	0.000045399929762
-0.200	-0.300	0.002812822495071	0.001503439192978
-0.200	-0.200	0.021302572350757	0.018315638888734
-0.200	-0.100	0.080844272207176	0.082084998623899
-0.200	-0.000	0.132369624994323	0.135335283236613
-0.200	0.100	0.082681163591825	0.082084998623899
-0.200	0.200	0.015935117748717	0.018315638888734
-0.200	0.300	0.008067783812787	0.001503439192978
-0.200	0.400	0.001799412723524	0.000045399929762
-0.200	0.500	0.003034210569243	0.000000504347663
-0.100	-0.500	-0.004271288163964	0.000002260329407
-0.100	-0.400	-0.001031604597287	0.000203468369011
-0.100	-0.300	0.002003866119026	0.006737946999085
-0.100	-0.200	0.082414496267868	0.082084998623899
-0.100	-0.100	0.366744060927704	0.367879441171442
-0.100	-0.000	0.607338575518023	0.606530659712633
-0.100	0.100	0.367048594812758	0.367879441171442
-0.100	0.200	0.081739593297032	0.082084998623899
-0.100	0.300	0.004930602848834	0.006737946999085
-0.100	0.400	-0.000313815698493	0.000203468369011
-0.100	0.500	-0.001783191260871	0.000002260329407
-0.000	-0.500	0.001194542930464	0.000003726653172
-0.000	-0.400	0.003867771696701	0.000335462627903
-0.000	-0.300	0.009852692576985	0.011108996538242
-0.000	-0.200	0.132141677832128	0.135335283236613
-0.000	-0.100	0.611942694772266	0.606530659712633
-0.000	-0.000	1.000832431993923	1.000000000000000
-0.000	0.100	0.612258019850320	0.606530659712634
-0.000	0.200	0.137065240347515	0.135335283236613
-0.000	0.300	0.014063139598864	0.011108996538242
-0.000	0.400	0.007097740381989	0.000335462627903
-0.000	0.500	-0.003900018193102	0.000003726653172
0.100	-0.500	0.001931380849143	0.000002260329407
0.100	-0.400	-0.001261191123684	0.000203468369011
0.100	-0.300	0.006320780445793	0.006737946999085
0.100	-0.200	0.085908260729276	0.082084998623899
0.100	-0.100	0.363590331061989	0.367879441171442
0.100	-0.000	0.606171284751440	0.606530659712634
0.100	0.100	0.368515684996642	0.367879441171443
0.100	0.200	0.082341276316276	0.082084998623899
0.100	0.300	0.008678406312957	0.006737946999085
0.100	0.400	0.000887297300671	0.000203468369011
0.100	0.500	-0.002427293520921	0.000002260329407
0.200	-0.500	-0.000990183360843	0.000000504347663
0.200	-0.400	-0.005440152101861	0.000045399929762
0.200	-0.300	0.002667018492749	0.001503439192978
0.200	-0.200	0.019223166643771	0.018315638888734
0.200	-0.100	0.087071151738115	0.082084998623899
0.200	-0.000	0.132924532175846	0.135335283236613
0.200	0.100	0.083289892022259	0.082084998623899
0.200	0.200	0.017637024951584	0.018315638888734
0.200	0.300	-0.001924671226009	0.001503439192978
0.200	0.400	0.002807177201141	0.000045399929762
0.200	0.500	-0.002602983231015	0.000000504347663
0.300	-0.500	-0.003544692527577	0.000000041399377
0.300	-0.400	0.000218790115940	0.000003726653172
0.300	-0.300	-0.002849761847804	0.000123409804087
0.300	-0.200	0.002328839071054	0.001503439192978
0.300	-0.100	0.008507508503284	0.006737946999085
0.300	-0.000	0.009118961164006	0.011108996538242
0.300	0.100	0.008683418024579	0.006737946999085
0.300	0.200	0.001007954361430	0.001503439192978
0.300	0.300	-0.001535598699032	0.000123409804087
0.300	0.400	-0.003107641072033	0.000003726653172
0.300	0.500	-0.001298604071225	0.000000041399377
0.400	-0.500	0.002096870560164	0.000000001250153
0.400	-0.400	-0.001478836183053	0.000000112535175
0.400	-0.300	-0.000628901174112	0.000003726653172
0.400	-0.200	-0.000796978321641	0.000045399929762
0.400	-0.100	0.004961524715218	0.000203468369011
0.400	-0.000	0.003325945823938	0.000335462627903
0.400	0.100	0.006008748856583	0.000203468369011
0.400	0.200	-0.001791605900503	0.000045399929762
0.400	0.300	0.005891544734379	0.000003726653172
0.400	0.400	0.001585795406684	0.000000112535175
0.400	0.500	0.003233391657144	0.000000001250153
0.500	-0.500	0.002708489923155	0.000000000013888
0.500	-0.400	0.009853979468993	0.000000001250153
0.500	-0.300	-0.002568175579571	0.000000041399377
0.500	-0.200	0.001448788114473	0.000000504347663
0.500	-0.100	0.002546735316033	0.000002260329407
0.500	-0.000	-0.002675419376887	0.000003726653172
0.500	0.100	-0.004093019819708	0.000002260329407
0.500	0.200	0.000118369224580	0.000000504347663
0.500	0.300	0.000461094732421	0.000000041399377
0.500	0.400	0.001324289310906	0.000000001250153
0.500	0.500	-0.007043285857191	0.000000000013888
