-0.500	-0.500	0.396370410083020430214162388438	0.083624229761243423775241012663	-0.000000033331065275913762958013	-0.000000033331065275913762958013
-0.500	-0.400	-0.271770973392939874102580688486	0.268240821096929482614257267414	-0.000001875229299580120731307030	-0.000003000366879328192577168185
-0.500	-0.300	-0.113318212621555558516917017187	0.041149644111867458851072854031	-0.000033119501750281458952399755	-0.000099358505250844329423354218
-0.500	-0.200	-0.296894097332465467520279389646	-0.748622272084115913948210163653	-0.000151304298770366709705678665	-0.001210434390162933243964560326
-0.500	-0.100	0.209533429390269088088416538085	0.594877753801903663699590651959	-0.000000000000000000096363638433	-0.005424790576754539607462479722
-0.500	-0.000	0.237868513937530529078756558192	0.081334274094635256036056603079	0.000372665317207867771449186778	-0.008943967612988825213737875686
-0.500	0.100	0.315594689655021298779757898956	-0.172195318252800072533759134785	0.000000000000000000160606064056	-0.005424790576754539607462479722
-0.500	0.200	-0.075180975134425925832104553592	-0.601160158603931127352382191020	-0.000151304298770366899441058850	-0.001210434390162935412368905297
-0.500	0.300	-0.281160279031733961740968652521	-0.025138744074546866269503908597	-0.000033119501750281445399872599	-0.000099358505250844329423354218
-0.500	0.400	0.493662240278992303643690320314	0.447656489456305317631290563440	-0.000001875229299580120731307030	-0.000003000366879328192577168185
-0.500	0.500	-0.161098474333077390507895643168	-0.070190899027217298900005459927	-0.000000033331065275913762958013	-0.000000033331065275913762958013
-0.400	-0.500	0.223996884933495343794618293032	0.952505566428577754578554959153	-0.000003000366879328192577168185	-0.000001875229299580120731307030
-0.400	-0.400	-0.011511259048205890048732769060	-0.221875862674078938585608966605	-0.000168802762078888669763226948	-0.000168802762078888669763226948
-0.400	-0.300	0.087913729996307740655048235112	-0.232975395579354455088960662579	-0.002981322537662936967423066292	-0.005589979758118006000766619934
-0.400	-0.200	-0.102301048886027062811976406920	-0.405187852522936764465555370407	-0.013619978928745458610083396422	-0.068099894643727287846246554182
-0.400	-0.100	0.400782621617733259000715406728	-0.188298928954314215289400635811	-0.000000000000000008674378293448	-0.305202553515966257258185123646
-0.400	-0.000	0.013249403741573127432640255563	-0.389470917022865514844909284875	0.033546262790251184238154991135	-0.503193941853767756633430963120
-0.400	0.100	0.175505590264528943400534899411	-0.416355619117790842764748049376	0.000000000000000014457297155747	-0.305202553515966257258185123646
-0.400	0.200	0.502211955934064757656187794055	0.238012890637551127737125966632	-0.013619978928745475957318156190	-0.068099894643727398868549016697
-0.400	0.300	-0.184381958640657900305726002443	0.028869485144226464390371234003	-0.002981322537662941737912625229	-0.005589979758118016409107475795
-0.400	0.400	0.392885697539199885142124912818	-0.031909075877000793453053262283	-0.000168802762078888669763226948	-0.000168802762078888669763226948
-0.400	0.500	-0.773827683186409931437310660840	0.107239461783076320267049652557	-0.000003000366879328192577168185	-0.000001875229299580120731307030
-0.300	-0.500	-0.128801859390146045125646878660	0.262464334180366798410233286631	-0.000099358505250844329423354218	-0.000033119501750281458952399755
-0.300	-0.400	-0.115831322163106986700142897462	0.259396576434931358523527933357	-0.005589979758118006000766619934	-0.002981322537662936967423066292
-0.300	-0.300	-0.105912137262581237950875845399	-0.131327494879653561277166318177	-0.098727843269343668053394935669	-0.098727843269343668053394935669
-0.300	-0.200	-0.479026521757245693500237848639	-1.149858166543920257041122567898	-0.451031757893271822990044483959	-1.202751354382058046610382007202
-0.300	-0.100	-0.294715918064799853315349764671	-5.943306652784760224506044323789	-0.000000000000000287255957648204	-5.390357599268369881428952794522
-0.300	-0.000	1.286370209670080200226038869005	-9.298335141622960264840003219433	1.110899653824230615128954013926	-8.887197230593846697388471511658
-0.300	0.100	0.170763579522113850828191061737	-5.745296844771004884933063294739	0.000000000000000478759929413675	-5.390357599268374322321051295148
-0.300	0.200	-0.870303735035398817743157451332	-1.107390165323129949115354975220	-0.451031757893271989523498177732	-1.202751354382059378878011557390
-0.300	0.300	0.600699322110189948276115501358	-0.448679538259882659811950134099	-0.098727843269343640297819320040	-0.098727843269343668053394935669
-0.300	0.400	0.336069186534106278951838930880	-0.289332192514690555995571230596	-0.005589979758118006000766619934	-0.002981322537662936967423066292
-0.300	0.500	-0.036621626960042903686787241213	0.053645344184333122738994603651	-0.000099358505250844329423354218	-0.000033119501750281458952399755
-0.200	-0.500	0.068078878066937270618907973585	0.608431809921836430632424708165	-0.001210434390162933243964560326	-0.000151304298770366709705678665
-0.200	-0.400	0.048366039456607494428919125085	-0.617308368476505830990674894565	-0.068099894643727287846246554182	-0.013619978928745458610083396422
-0.200	-0.300	-0.910388999909448881631135463977	-0.675818010970463567410604355246	-1.202751354382058046610382007202	-0.451031757893271822990044483959
-0.200	-0.200	-5.791523120046917050274259963771	-5.630570962972310411487342207693	-5.494691666620250103392208984587	-5.494691666620250103392208984587
-0.200	-0.100	0.040974954999582334502772340556	-24.662990804072194350737845525146	-0.000000000000003499493969225343	-24.625499587169620951954129850492
-0.200	-0.000	13.928598070919298024250565504190	-40.556494020415222223618911812082	13.533528323661261794086385634728	-40.600584970983796040400193305686
-0.200	0.100	0.476090075377989752070106987958	-24.894739119019913431429813499562	0.000000000000005832489948708911	-24.625499587169645820949881453998
-0.200	0.200	-5.551697671981935755525228159968	-5.646560114576955946574798872462	-5.494691666620251879749048384838	-5.494691666620254544284307485214
-0.200	0.300	-0.932522469331495851285751541582	-0.248490170874871463269073501579	-1.202751354382058934788801707327	-0.451031757893272267079254334021
-0.200	0.400	-0.340712060454220644345468826941	-0.274265178720872582207590539838	-0.068099894643727287846246554182	-0.013619978928745458610083396422
-0.200	0.500	0.430954994038687311252999734279	-0.455022383293828547312642740508	-0.001210434390162933243964560326	-0.000151304298770366709705678665
-0.100	-0.500	-0.017296629273657011111042791640	0.256734795333301679676196727087	-0.005424790576754539607462479722	-0.000000000000000000096363638433
-0.100	-0.400	-0.241279194050128154014345227552	0.571066201047048083161428166932	-0.305202553515966257258185123646	-0.000000000000000008674378293448
-0.100	-0.300	-4.999215387488351147737830615370	-0.044358607763018094438667304757	-5.390357599268369881428952794522	-0.000000000000000287255957648204
-0.100	-0.200	-24.599020539937402674013355863281	0.372932217770720941807383042033	-24.625499587169620951954129850492	-0.000000000000003499493969225343
-0.100	-0.100	0.389367805531457278345186523438	-0.148256715918646447827100587347	-0.000000000000015683643873591202	-0.000000000000015683643873591202
-0.100	-0.000	59.980182881612357448375405510888	0.443531187327039055912081266797	60.653065971263330879992281552404	-0.000000000000025857957256475573
-0.100	0.100	-0.450186811148806542703937338956	-0.406896848694221158204697985639	0.000000000000026139406455985347	-0.000000000000015683643873591208
-0.100	0.200	-24.571697400016645929099468048662	0.291139377793058651278101933713	-24.625499587169638715522523852997	-0.000000000000003499493969225348
-0.100	0.300	-5.459141930336155468239667243324	-0.131610909684944571429454640565	-5.390357599268377875034730095649	-0.000000000000000287255957648205
-0.100	0.400	-0.540213219379810261067120791267	0.185811786278711560393972490601	-0.305202553515966257258185123646	-0.000000000000000008674378293448
-0.100	0.500	-0.071793192435314359678422135858	0.062351280548290873018135727079	-0.005424790576754539607462479722	-0.000000000000000000096363638433
-0.000	-0.500	0.318239541342317744376799737438	0.071043121145519513848221038188	-0.008943967612988825213737875686	0.000372665317207867771449186778
-0.000	-0.400	-0.778248023729634197387383665045	-0.150766425324624780968107984336	-0.503193941853767756633430963120	0.033546262790251184238154991135
-0.000	-0.300	-8.657206378247568778760978602804	1.326135588030554091076851364051	-8.887197230593846697388471511658	1.110899653824230615128954013926
-0.000	-0.200	-40.175791231091878330516919959337	13.321411490886580608616895915475	-40.600584970983796040400193305686	13.533528323661261794086385634728
-0.000	-0.100	-0.265339154691193679358462986784	60.369151846409664585735299624503	-0.000000000000025857957256475573	60.653065971263330879992281552404
-0.000	-0.000	100.241451301997670952914631925523	100.166611474277019055989512708038	100.000000000000000000000000000000	100.000000000000000000000000000000
-0.000	0.100	-0.345861374887253381071872126995	60.567699462824435840957448817790	0.000000000000043096595427459309	60.653065971263366407129069557413
-0.000	0.200	-41.121179429837063423747167689726	13.175415689606735369920897937845	-40.600584970983817356682266108692	13.533528323661277781297940236982
-0.000	0.300	-8.902311953841637759410332364496	1.322888061963471972859451852855	-8.887197230593852026458989712410	1.110899653824231725351978639083
-0.000	0.400	-1.116495692488715940626775591227	-0.372897736036067628528911654939	-0.503193941853767756633430963120	0.033546262790251184238154991135
-0.000	0.500	-0.461255566216872914253599446965	0.092287527413638048567889882179	-0.008943967612988825213737875686	0.000372665317207867771449186778
0.100	-0.500	0.427635359695237859956051806876	0.135361381502688754574492691063	-0.005424790576754539607462479722	0.000000000000000000160606064056
0.100	-0.400	-0.397080701216604159409229168887	-0.227584485021186444519969427347	-0.305202553515966257258185123646	0.000000000000000014457297155747
0.100	-0.300	-5.636940295364374797770778968697	0.287058228630246159429617591741	-5.390357599268374322321051295148	0.000000000000000478759929413675
0.100	-0.200	-24.969218633438547527703121886589	-0.038052032950566937186120952674	-24.625499587169645820949881453998	0.000000000000005832489948708911
0.100	-0.100	-0.235823905434750513698816121178	-0.053338577364415211412573825100	-0.000000000000015683643873591208	0.000000000000026139406455985347
0.100	-0.000	60.769351929716400206871185218915	-0.055507318984515954807257287484	60.653065971263366407129069557413	0.000000000000043096595427459309
0.100	0.100	0.080849332360024436794354585345	-0.493075877357534997358357031771	0.000000000000026139406455985363	0.000000000000026139406455985363
0.100	0.200	-25.116084422681993260084709618241	-0.154275520178044162067365618896	-24.625499587169652926377239055000	0.000000000000005832489948708916
0.100	0.300	-5.281658731545775253835017792881	0.490317318777265809259802153974	-5.390357599268382315926828596275	0.000000000000000478759929413675
0.100	0.400	-0.161345153300783472616330982419	0.338326455760733224575886879393	-0.305202553515966257258185123646	0.000000000000000014457297155747
0.100	0.500	-0.027825799881695891663246911207	-0.561203849189711556633142208739	-0.005424790576754539607462479722	0.000000000000000000160606064056
0.200	-0.500	-0.030430385713903992245255025750	0.321311430384979279661905593457	-0.001210434390162935412368905297	-0.000151304298770366899441058850
0.200	-0.400	-0.083835314836704394325650469000	-0.539716491383263941017389697663	-0.068099894643727398868549016697	-0.013619978928745475957318156190
0.200	-0.300	-1.485464029941059527217817048950	-0.156167449333275115685992773251	-1.202751354382059378878011557390	-0.451031757893271989523498177732
0.200	-0.200	-5.477861486614368224934423778905	-5.410241278064741088371647492750	-5.494691666620254544284307485214	-5.494691666620251879749048384838
0.200	-0.100	0.158242250865148093019740827003	-24.490250489086349716671975329518	-0.000000000000003499493969225348	-24.625499587169638715522523852997
0.200	-0.000	13.627831043242951025717957236338	-40.841291840670933765977679286152	13.533528323661277781297940236982	-40.600584970983817356682266108692
0.200	0.100	-0.130822043609297167243710191542	-24.617006567455359089535704697482	0.000000000000005832489948708916	-24.625499587169652926377239055000
0.200	0.200	-5.656648752938575164250778470887	-5.122771361895717134871119924355	-5.494691666620259873354825685965	-5.494691666620259873354825685965
0.200	0.300	-1.355861859896174470563323666283	-0.934651311708726950655545806512	-1.202751354382058934788801707327	-0.451031757893271989523498177732
0.200	0.400	-0.121717338630930815845943016029	-0.050253178009603140241612351247	-0.068099894643727398868549016697	-0.013619978928745475957318156190
0.200	0.500	0.555125679525065085506696505036	-0.032904646554240545019975883179	-0.001210434390162935412368905297	-0.000151304298770366899441058850
0.300	-0.500	0.306082557241255825974945992130	-0.618577621845409875156462931045	-0.000099358505250844329423354218	-0.000033119501750281445399872599
0.300	-0.400	0.237046773529841103833604165629	-0.031365894793293817854884508733	-0.005589979758118016409107475795	-0.002981322537662941737912625229
0.300	-0.300	-0.248260033598631912887810813118	-0.077075289380520925486273142724	-0.098727843269343668053394935669	-0.098727843269343640297819320040
0.300	-0.200	-0.717542220240901307271030873380	-1.201679075376491878657247980300	-0.451031757893272267079254334021	-1.202751354382058934788801707327
0.300	-0.100	-0.197423305450225905488537136989	-5.340188031500055387823522323743	-0.000000000000000287255957648205	-5.390357599268377875034730095649
0.300	-0.000	1.368295428473166319705001114926	-8.782820049516899985064810607582	1.110899653824231725351978639083	-8.887197230593852026458989712410
0.300	0.100	0.739988648269447657490616165887	-6.195328143465111736531980568543	0.000000000000000478759929413675	-5.390357599268382315926828596275
0.300	0.200	-0.256676117417564408906827111423	-0.944340701883201405486545354506	-0.451031757893271989523498177732	-1.202751354382058934788801707327
0.300	0.300	-0.307289639289603955241148014466	-0.213413502998704762703141568636	-0.098727843269343806831273013813	-0.098727843269343806831273013813
0.300	0.400	0.123547099153473727284335836885	0.235309202769499015150955756326	-0.005589979758118016409107475795	-0.002981322537662941737912625229
0.300	0.500	0.711522224011150727918106895231	0.165716836850806875647279525765	-0.000099358505250844329423354218	-0.000033119501750281445399872599
0.400	-0.500	-0.580525737863361590562760738976	-0.445619455828270227826237714908	-0.000003000366879328192577168185	-0.000001875229299580120731307030
0.400	-0.400	-0.411173161784367136029061384761	-0.327259161491439576341377915014	-0.000168802762078888669763226948	-0.000168802762078888669763226948
0.400	-0.300	0.134191165979640369965153468002	-0.033801452128259884544192459543	-0.002981322537662936967423066292	-0.005589979758118006000766619934
0.400	-0.200	0.355278098678308840163708737236	0.411145135846804676837962233549	-0.013619978928745458610083396422	-0.068099894643727287846246554182
0.400	-0.100	0.237952775134477156893098026558	-0.466006316015182109335768245728	-0.000000000000000008674378293448	-0.305202553515966257258185123646
0.400	-0.000	0.414787794926372799242386690821	-1.032146515522769147921167132154	0.033546262790251184238154991135	-0.503193941853767756633430963120
0.400	0.100	0.237913113455714642086036292312	-0.282283842403666329623490582890	0.000000000000000014457297155747	-0.305202553515966257258185123646
0.400	0.200	0.521450429840980778095627101720	0.136606591350517225791350028885	-0.013619978928745475957318156190	-0.068099894643727398868549016697
0.400	0.300	-0.276707777367391993816880813029	0.103301066494534327100396353671	-0.002981322537662941737912625229	-0.005589979758118016409107475795
0.400	0.400	0.174694183282392251355119583422	0.393583501861137385890998530158	-0.000168802762078888669763226948	-0.000168802762078888669763226948
0.400	0.500	-0.191051458542254970485174681016	0.345149937051351940464627432448	-0.000003000366879328192577168185	-0.000001875229299580120731307030
0.500	-0.500	-0.004205401058197670745297802597	0.408311057114192244021921851527	-0.000000033331065275913762958013	-0.000000033331065275913762958013
0.500	-0.400	0.528593232898542764175431329932	0.550749993013047056678033186472	-0.000001875229299580120731307030	-0.000003000366879328192577168185
0.500	-0.300	0.842581324660978681073686402669	-0.399817410253917315809957244710	-0.000033119501750281458952399755	-0.000099358505250844329423354218
0.500	-0.200	0.075492546277074260019368523444	-0.058869816491559839866098968741	-0.000151304298770366709705678665	-0.001210434390162933243964560326
0.500	-0.100	0.011443289956113891769895474226	0.452517679245997561654490937144	-0.000000000000000000096363638433	-0.005424790576754539607462479722
0.500	-0.000	0.522496091209803337207517870411	0.433246560749863340866738781187	0.000372665317207867771449186778	-0.008943967612988825213737875686
0.500	0.100	-0.038060304417223030093442304178	-0.008889456536287490551195844546	0.000000000000000000160606064056	-0.005424790576754539607462479722
0.500	0.200	-0.020974216893154699892232173397	-0.419176033514192691864508333310	-0.000151304298770366899441058850	-0.001210434390162935412368905297
0.500	0.300	0.265129010412204768609711891258	0.139632555160655175141570794040	-0.000033119501750281445399872599	-0.000099358505250844329423354218
0.500	0.400	0.242351673720912985654507565414	0.117396838265374531262708046597	-0.000001875229299580120731307030	-0.000003000366879328192577168185
0.500	0.500	-0.063040462561418680875746645142	-0.442375081449396356791936568698	-0.000000033331065275913762958013	-0.000000033331065275913762958013
